72866	0
37992	0
11096	0
30554	0
58861	0
47693	0
52782	0
6057	0
80953	0
14090	0
16723	0
59772	0
86148	0
19766	0
16474	0
97964	0
28840	0
49645	0
73363	0
42547	0
23602	0
37943	0
3926	1
7707	0
67500	0
12028	0
88232	0
50384	0
82955	0
92852	0
5474	0
19300	0
79719	0
61783	0
28854	0
39773	0
56594	0
101084	0
78251	0
100100	1
48606	0
62766	0
82484	0
57626	0
85072	0
10661	0
15025	0
75630	0
10337	0
23057	0
101085	0
25838	0
102438	0
77363	0
23454	0
79778	0
86569	0
94328	0
41472	1
86643	0
89783	0
67394	0
49015	1
24310	0
30873	0
32225	0
63965	0
90732	0
57680	1
26182	0
97032	1
57296	0
85100	0
75330	0
3727	0
95941	0
31765	0
91656	0
471	0
86059	0
93794	0
21652	1
93161	0
88613	0
58288	0
80606	0
70635	0
73014	0
28050	0
78324	0
85751	0
19592	1
14137	0
44441	0
17143	1
38376	0
83586	0
45952	0
85981	0
92799	0
41727	0
2425	0
48321	0
89276	0
63221	0
23313	0
95612	0
53991	0
42293	0
96317	0
20944	1
6839	0
100827	0
63995	0
31546	0
54987	0
17847	0
22345	0
18304	0
56354	0
51119	0
74396	0
53462	1
99320	1
25300	0
28011	0
73700	0
48492	0
13094	0
23904	0
16756	0
64951	0
75360	0
50263	0
94012	0
59252	1
12735	0
22133	0
22616	0
83888	1
43104	0
80883	0
81515	0
54066	0
61058	0
47503	1
96512	0
83516	1
13771	0
488	0
98036	0
9562	0
86211	0
36087	0
26032	1
88003	0
36709	0
57888	0
7528	0
76541	0
24257	0
68025	0
11314	0
62376	1
19880	0
902	0
100979	0
65293	0
52506	0
5677	0
50450	0
5268	0
52964	0
51448	1
75104	0
69799	0
39811	0
77812	0
101018	0
87076	0
65590	0
84704	1
61999	0
9623	0
55885	1
97303	0
92400	0
3074	0
1953	0
42835	0
87526	0
7470	0
65196	1
9763	0
56624	0
57678	0
46244	0
11595	0
10784	0
49053	0
98264	0
20127	0
67888	0
33151	0
42319	0
100177	0
8029	0
96169	0
18228	0
51092	0
23317	0
17533	0
2523	0
48525	0
64499	0
7924	0
42637	0
13088	0
48819	0
100494	0
91048	0
54317	0
21989	0
83311	0
14806	0
20052	0
34431	0
50324	0
69692	1
92467	0
59273	0
69092	0
73833	0
51661	0
25688	0
31469	0
88919	0
19761	0
35926	0
102477	0
45870	0
11685	0
94138	0
80311	0
32492	0
22731	0
47831	0
19877	0
87480	0
65121	0
16101	0
71516	0
91413	0
42009	0
32923	0
46471	0
24626	0
26301	0
35012	0
8236	0
55949	0
80602	0
1235	0
92503	0
48607	0
87760	0
22514	0
77071	1
59416	0
20029	0
42799	1
57939	0
7276	0
30729	0
70970	0
81377	0
5035	0
76925	0
74008	0
100942	0
77339	0
100798	0
97095	0
33693	1
42509	0
93614	1
26957	0
90712	0
34973	1
71849	0
36666	0
86268	0
14898	0
57021	0
885	0
74546	0
73510	0
80343	0
39550	0
22177	0
68041	0
58300	1
49538	0
48591	0
28749	1
8655	0
54129	0
99993	0
9676	0
19894	0
7286	0
96737	0
90240	0
47013	0
77879	0
18507	0
43274	0
74266	0
39723	0
78406	0
66727	0
73829	0
54661	0
45609	0
19396	0
70177	0
44661	0
43088	0
67506	0
36200	0
42633	1
48903	0
3971	1
101940	0
42656	0
58045	0
55398	0
100962	0
56275	0
35530	0
24403	0
74097	0
48929	0
58177	0
57355	0
39367	0
71086	0
12508	0
3366	0
19144	0
10955	0
56159	0
50049	0
98628	0
47118	0
3014	0
85966	0
11814	0
101273	0
95080	0
55849	0
19152	0
51350	0
59109	0
99304	0
95068	0
2415	0
23720	0
66530	0
26173	0
59428	0
95270	0
76505	0
690	0
17626	0
53628	0
27082	0
24632	0
218	0
26257	0
28358	0
7259	0
4696	0
89882	0
102141	0
730	0
88075	0
49482	0
52034	0
100829	0
13559	0
62490	0
7488	0
86439	0
81040	1
7210	0
58173	0
13666	0
54213	0
42847	0
85539	0
94898	0
45757	0
69349	1
37249	0
985	0
58128	0
73452	0
41314	0
40438	0
74	0
100257	0
82512	0
54765	0
38708	0
3109	0
40785	0
45398	0
40497	0
33178	0
73666	0
101312	0
67654	0
60058	0
70343	0
18455	0
59087	0
7938	0
20215	0
87584	0
52358	0
90031	0
98134	0
78126	1
29132	0
16877	0
4897	0
34071	0
5656	0
23427	0
53578	0
9168	0
12982	0
83071	0
61691	0
19154	0
19959	0
81117	0
27596	0
96668	0
38157	0
11628	0
50123	0
89730	0
38629	0
51773	0
34969	0
53977	0
37257	0
52706	0
5057	0
101950	0
73038	0
58938	0
86688	0
9880	0
48789	0
3292	0
92605	0
42043	0
67999	0
14028	0
64201	0
76817	1
30870	0
40224	0
49372	0
97665	0
42088	0
66311	0
35665	0
63975	0
37423	0
85673	0
55427	0
21243	0
80584	0
57922	0
49712	0
90873	0
53949	0
28981	1
87564	0
50075	0
89982	0
18421	0
76957	0
81019	0
75787	0
79495	0
62651	0
70870	0
75852	0
6547	0
33296	0
51158	0
23828	0
71130	0
15158	1
94224	0
43329	0
100736	0
53957	1
96945	0
93878	0
10013	0
3916	0
77504	0
43763	1
80213	0
12975	0
5592	0
29027	0
51275	0
55160	0
64841	0
8570	0
8260	0
1579	0
49976	0
78877	0
85028	0
82843	0
11110	0
33135	0
72376	0
26193	0
70974	0
14111	0
47278	0
12183	0
64429	0
26679	0
1956	0
43018	0
26806	0
23248	0
43880	0
55237	0
93422	0
12435	0
95834	0
15688	0
96849	0
70018	0
100617	1
78824	1
90334	0
31662	1
33964	0
40595	0
13384	1
102023	0
67484	1
93806	0
39712	0
42420	0
81993	0
62450	0
47716	0
8140	0
88876	0
80630	0
24228	0
28842	0
5575	0
8723	0
18010	1
38034	0
87661	0
54039	0
95563	0
84165	0
39829	0
50744	0
47313	0
26470	0
52847	0
43256	0
74887	0
96670	0
18870	0
18152	0
96330	0
89351	0
41764	0
44003	0
7328	0
38007	0
30585	0
29690	0
81485	0
75634	0
44423	0
82352	0
87034	0
41272	0
22040	0
83557	1
93592	0
55180	0
98998	0
77533	0
86345	0
57962	0
53931	0
87258	1
76567	1
18964	0
31323	0
41228	0
29419	0
3543	0
79305	0
72308	0
8713	0
66889	1
26550	0
63738	0
15804	0
63489	0
67123	0
23071	0
5109	0
64526	0
14547	0
85680	0
89611	1
50680	0
22101	0
95735	0
25826	1
61504	0
3744	0
5337	0
44476	0
79109	0
72259	0
64710	0
80392	0
58689	0
19208	0
60594	0
23547	0
89378	0
73747	0
74866	0
61107	0
63865	0
63015	0
71676	0
96542	0
74969	0
67432	0
18978	0
14257	0
27246	0
2734	0
47762	0
59851	0
23739	0
23481	0
66331	0
65205	0
57489	1
83863	0
1447	0
43619	0
56330	0
99450	0
35479	0
29662	0
22610	0
52327	0
71883	0
58683	0
26731	0
97971	0
24769	0
62000	0
57458	0
31503	0
100783	1
40119	0
39120	0
31229	0
31657	0
48841	0
32840	0
5162	0
39429	0
66723	0
7273	0
56271	0
13577	0
84919	0
57423	0
66160	0
40121	0
56232	0
89437	0
42916	0
63930	0
63559	0
47447	0
62097	1
87046	0
40223	1
9478	1
48406	0
26532	0
35326	0
14991	0
10664	0
91745	0
43120	0
10342	0
80365	0
9752	1
65681	0
71987	0
93811	0
54362	0
77961	0
66126	0
71385	1
29945	0
48682	0
13756	0
92619	1
14617	0
15819	0
11804	0
46499	0
21068	0
3153	0
8382	0
93094	0
52928	0
64256	1
57136	0
29095	0
82922	1
143	0
81614	0
61490	0
85471	0
28513	0
52316	0
41181	0
46059	0
1119	0
33990	1
38623	0
50012	0
18585	0
69939	0
95070	0
27811	0
43758	0
70634	0
29894	0
12109	0
57476	0
64002	0
20084	0
76287	0
76978	0
63262	0
100393	0
92675	0
32988	0
9221	1
19743	1
11677	0
86207	0
81682	0
77673	1
10406	1
78972	0
63116	0
33750	0
80456	0
69355	0
45312	0
82996	0
94841	0
93483	0
94043	0
566	0
55027	0
101291	0
32766	0
71187	0
97265	0
57030	0
83592	0
97171	0
79389	0
59519	0
91135	0
74348	0
26684	0
18471	0
36307	0
53644	0
48068	0
89956	1
77347	0
7136	0
84960	0
96363	0
86681	0
69045	0
34104	0
61080	0
10674	0
61195	0
96313	0
101587	0
9180	0
59998	0
9973	0
7601	0
21389	0
53528	1
44637	1
68133	0
95293	0
37989	0
35449	0
85066	0
32070	0
72925	1
16978	0
72759	0
95507	0
75866	1
70961	0
94196	0
6569	0
74176	0
19639	1
35282	0
5560	0
74314	0
41644	0
12333	0
83299	0
51470	0
17727	0
44649	0
24129	0
54261	0
4533	0
6082	0
93063	0
21225	0
51626	0
100855	0
100282	0
8294	0
68826	0
70407	0
24049	0
38706	0
66879	0
100847	0
3156	0
45927	1
59801	0
3355	0
69054	1
80048	0
32239	0
2763	0
55745	0
41355	0
48984	0
36586	0
96903	0
91927	0
74589	0
83840	0
15453	0
19686	0
1555	1
99931	0
18027	0
86015	0
55809	0
47178	0
85175	0
42754	0
61111	0
25035	0
80901	0
12549	0
49441	0
1100	0
67633	0
37163	0
10528	0
82544	0
18794	0
66271	0
25746	0
102011	0
15677	1
16931	0
58253	0
45788	0
49535	1
40534	0
3296	0
75484	0
86841	0
61506	0
47588	0
73239	0
14965	0
96067	0
82382	0
39295	0
61966	0
15734	0
50900	0
57978	0
38927	0
26246	0
95979	0
20572	0
38220	0
46461	0
1511	0
67924	1
5454	0
44036	0
85958	0
82392	0
47943	0
25659	0
67705	0
99616	0
5845	0
43736	0
25859	1
49561	0
19236	0
71718	0
99209	0
97564	0
20570	0
33800	0
95300	1
8323	0
98037	0
27725	0
83100	0
14921	0
92569	1
11059	1
72911	1
62523	0
51042	0
71223	0
67502	0
91288	0
67787	0
25191	0
64604	0
13509	0
38216	0
72817	0
54002	0
25350	1
51069	1
96866	0
37240	0
25853	0
60617	0
86721	0
70556	0
68977	0
4609	0
49695	0
45410	0
42109	0
74620	0
74688	0
96197	0
68140	0
19646	0
16873	0
25870	0
98154	0
51487	0
47789	0
19785	0
28384	0
65901	0
20835	0
45032	0
5353	0
49250	0
31165	0
4513	0
65335	0
88313	1
33586	0
94125	0
9922	0
23542	0
30733	0
51896	0
70403	0
63712	0
59891	0
53565	0
30758	1
84574	0
35909	0
4490	0
10316	0
53330	0
23902	0
8314	0
102059	0
68661	0
37103	0
81112	0
41698	1
73633	0
13943	0
59741	0
43493	0
94284	0
48748	1
62210	0
584	1
43965	0
5023	0
67903	0
15219	1
28452	0
22796	0
68688	0
54612	0
22301	0
68016	0
72394	0
35534	0
97293	1
77591	0
45307	0
88348	0
5797	0
99493	0
12995	0
102409	0
6829	0
27079	0
31086	0
85293	0
79214	0
51770	0
7616	0
12291	0
76319	0
43640	0
47690	1
57657	0
91708	0
15147	0
45305	0
6586	0
53156	0
96482	0
2392	0
97634	0
80020	0
18113	0
27737	0
61961	0
20497	0
98153	0
10280	0
75991	0
54552	0
6471	0
8156	0
49722	0
52429	0
75699	0
3898	0
2430	0
89193	0
95064	0
79404	0
8819	0
3367	0
91078	0
83363	1
98084	0
73219	0
56233	0
71735	0
74771	0
29210	0
80102	0
5567	0
40466	0
30062	0
12158	0
62430	0
10147	0
96086	0
45526	0
3879	0
81049	0
69199	0
101078	0
73930	0
70991	0
49759	0
45848	0
96573	0
99408	0
40985	0
32423	0
26538	1
21649	0
57671	0
15758	1
79091	0
42571	0
32722	1
51937	1
23773	0
59760	0
9343	0
83476	0
85275	0
58841	0
96839	0
30289	0
21242	0
13733	0
54933	0
96566	0
101427	0
40419	0
27131	0
26998	0
70714	0
87069	0
72316	0
9446	0
22976	0
35386	0
75566	0
98584	0
15483	0
22405	0
61330	0
38275	0
85	0
44489	0
21980	0
84786	0
22882	0
42960	0
66915	0
100085	0
99783	0
18003	0
43515	0
7042	0
16653	0
32541	0
44507	0
66585	0
960	0
24867	1
73222	0
43164	0
1257	0
44261	0
49304	0
54299	0
59680	0
89285	0
11407	0
85764	0
52654	0
18601	0
40486	1
29065	0
29288	0
31731	0
13391	0
49536	0
42445	1
32079	1
80386	0
78705	0
83946	0
4214	0
34204	0
48540	0
60238	0
91440	0
35612	0
59102	0
17907	0
27408	0
63457	1
58065	0
3437	0
48077	0
17819	0
10983	0
68538	0
148	0
6959	0
1905	0
21837	0
38234	0
56861	0
87078	0
66333	0
20518	0
24821	0
46252	0
96518	0
63981	0
16041	0
51830	0
100972	0
81851	0
2474	0
50269	0
75332	0
47008	0
90741	0
55346	0
55056	1
94568	0
17991	0
21053	1
94802	0
24742	0
91335	0
78564	1
4919	0
97664	0
83679	0
76234	0
15449	0
17150	0
18142	0
26500	0
79461	0
19094	0
96174	0
44121	0
14809	0
59732	0
86523	0
51760	0
34666	0
75417	0
63056	0
35738	0
56749	0
47981	0
9051	0
28211	0
101839	0
79736	0
79577	0
7792	0
7483	0
70952	0
2037	0
48956	0
99353	0
66663	0
14785	0
78318	0
96036	0
81994	0
92764	0
13098	0
48596	0
73589	0
52802	0
21050	0
11932	0
90630	0
55591	0
87389	0
15338	0
100768	0
41475	1
57698	0
57454	0
59586	0
71050	0
54662	0
101472	0
72236	0
5869	0
21660	0
96196	0
85442	0
82803	0
10765	0
50258	0
61197	0
66610	0
90837	0
49369	0
46060	0
79792	0
59165	0
81121	0
91783	0
39185	0
101943	0
92477	0
61750	0
2583	0
86349	0
52998	1
6329	0
92295	0
44915	0
7930	0
76610	0
73883	0
45514	0
99695	0
19122	1
6437	0
15188	0
6646	0
56838	0
46304	0
34366	0
100928	0
2508	1
78802	0
50173	0
14523	0
817	0
18796	0
81501	0
20897	0
34242	0
47207	0
11482	0
54278	0
59743	0
83985	0
82325	1
62974	0
29274	0
50508	0
72879	0
84180	0
100171	0
54063	0
45306	0
68855	0
10531	0
52723	0
14759	0
975	0
57445	1
65431	0
28658	0
19553	0
62188	0
37363	0
42046	0
49097	0
37128	0
64539	0
25977	0
55104	0
6851	0
65032	0
4321	0
100695	0
76472	0
75629	0
3142	0
35130	0
64479	0
48830	0
68222	0
23946	0
34462	1
11071	0
27717	1
71732	0
101418	0
68182	0
79139	0
90386	0
89680	0
3982	0
58007	0
44883	0
45072	0
26748	0
34314	0
31427	0
85633	1
12	0
31161	0
97678	1
49336	0
68875	0
17341	0
51619	0
51604	0
89836	0
54587	0
23727	0
83469	0
11379	0
100787	0
14756	0
42792	0
48881	0
94107	0
29879	0
99964	0
53469	0
39370	0
62190	0
28417	0
58713	0
11724	0
28558	0
81934	0
13440	0
29149	0
44997	1
1877	1
28676	0
1501	1
4449	0
82880	0
25113	0
18577	0
94770	0
78448	0
40578	0
11874	0
31309	0
10371	0
19711	0
30748	0
44211	0
10844	0
46854	0
69329	0
66994	0
63620	0
70222	0
70357	0
69318	0
1962	0
74359	0
18891	0
42285	0
31073	0
8218	0
20003	0
52056	0
92660	0
81910	0
41652	0
99999	0
42083	0
84413	0
101334	0
22576	1
10684	0
97187	0
46140	0
3306	1
46125	0
75201	0
61143	0
8890	0
59924	0
83431	0
41369	0
73397	0
39290	0
93340	0
172	0
87518	1
56663	1
56315	0
101288	0
30819	0
2433	0
8870	0
10425	0
84361	0
98685	0
97226	0
53138	0
90302	0
2063	0
8998	0
53119	0
58767	0
76397	0
27890	0
14595	0
30943	0
66790	0
23833	0
85039	0
1784	0
38755	1
58945	0
79321	0
34106	0
81681	0
461	0
1644	0
50	0
97255	0
63533	0
97148	0
72054	0
87319	0
94631	0
38437	0
37717	0
52910	0
85254	0
15238	1
28474	0
92925	0
47074	0
8252	0
3878	0
89477	0
44018	0
101755	1
74562	0
3967	0
27031	0
56944	1
15431	0
51904	1
82218	0
64733	0
3456	0
49354	0
34307	0
23188	0
338	0
54260	1
54936	0
29318	0
71816	0
18819	0
87973	0
100819	0
69154	0
47666	0
63806	0
90840	0
98056	0
35444	0
79728	0
64793	0
11273	0
45775	0
95269	0
16469	0
44136	0
74404	0
65187	0
65114	0
19390	0
91723	0
77041	0
95227	0
76264	0
17087	0
94878	0
99377	0
50416	0
40222	0
84477	0
3319	0
68226	0
30180	0
82553	0
7502	0
23140	0
19078	0
78669	0
93129	0
100513	0
64008	0
1516	0
55215	0
90657	0
50070	0
76690	0
3203	0
44919	0
64004	0
60047	0
75773	0
24813	0
101116	0
87554	0
91326	0
38403	0
88323	0
81252	0
19087	0
53446	0
89340	0
54853	0
1524	0
6738	0
22846	0
58618	0
89220	0
31979	0
9966	0
67191	0
15993	0
14982	0
87302	0
2052	0
48016	0
686	0
58873	0
54850	0
9654	0
52183	0
73449	0
22295	1
90224	0
74543	0
37274	0
48990	1
17284	0
45616	0
41838	0
81442	0
22817	0
93354	0
83730	1
45777	0
96249	0
13972	0
42642	0
75314	0
51879	0
72800	0
74555	0
8329	0
25956	0
63895	0
99067	0
40724	0
6628	0
11557	0
19460	0
77760	0
98678	0
8883	0
21634	0
86424	0
59794	0
19096	0
17840	0
57397	0
21553	0
48619	1
84768	0
80264	0
18761	0
41059	0
85347	0
85150	0
35	0
7651	0
26273	0
64585	0
29359	0
50879	0
3010	0
99373	0
59136	0
92248	0
93396	0
75702	0
72826	0
87067	0
52173	0
91009	1
70736	0
74755	0
21235	0
77024	0
78215	0
15620	0
77145	0
56179	0
14679	0
42909	0
16883	0
50119	0
78207	0
16792	0
25230	0
42901	0
16738	0
72988	0
74153	0
14192	0
13089	0
23345	0
75181	0
101688	0
32662	0
97503	0
7803	1
58725	0
60057	0
8063	0
13107	0
27974	0
62287	1
43771	0
55697	0
99908	0
14405	0
94060	0
81347	0
2119	0
94851	0
48119	0
15684	0
87060	0
10249	0
26020	0
32679	1
62788	0
95007	0
5413	1
61925	0
58154	0
25632	0
16283	0
2519	0
68064	0
72847	0
35327	0
100216	0
35330	0
72277	0
37609	0
84131	0
58090	0
24661	0
77745	0
66412	0
100501	0
83995	0
43560	0
82987	0
59191	0
22391	0
28506	0
56454	0
24120	0
25616	0
49103	0
47052	0
12077	0
68049	0
47142	0
59607	0
31036	0
68678	0
40944	0
22005	0
70515	0
19151	0
94940	0
40237	0
14114	0
26896	0
41343	0
31466	0
54259	0
94861	0
333	0
18196	0
81228	0
54663	0
40704	0
92013	0
46420	1
46692	0
84148	0
56019	0
96312	0
11891	0
11538	0
56299	0
50267	0
91238	0
65546	0
66592	0
70649	0
56589	0
22327	0
11260	0
82660	0
55860	0
25512	0
60702	0
26539	0
94049	0
101295	0
74586	0
29343	0
67893	0
82936	0
43068	0
67747	0
63716	0
24443	0
41525	0
84485	0
21416	0
17362	0
94231	0
57880	0
52313	0
80917	0
63835	0
55776	0
56236	0
35577	0
68644	1
40925	1
96212	0
32962	0
64581	0
23834	0
75506	0
100438	0
65303	0
11106	0
64765	0
8973	0
27417	0
46184	0
682	0
94709	0
89702	0
32256	0
28146	0
20180	0
26101	0
94928	0
97079	0
68473	0
64320	0
94701	0
51090	0
47241	0
32664	0
59478	0
6035	0
60650	0
92614	0
5983	0
36815	0
85901	0
78541	0
94009	0
68209	0
56087	0
13649	0
62237	0
30187	0
91665	0
42546	0
48915	0
43401	0
3864	0
13481	0
63490	0
54944	0
49625	0
42112	0
27061	0
82058	0
68804	0
58526	0
91375	0
90196	0
31012	0
87130	0
91352	0
5678	0
48084	0
20010	0
55840	0
69153	0
68332	0
37098	0
1228	0
73359	0
4906	0
57435	0
33991	0
21903	0
96237	0
91068	0
35527	1
40643	0
12261	0
74123	0
51235	0
71696	0
80418	0
59681	0
29927	1
83034	0
90465	0
73445	0
56745	0
86579	0
75423	0
6814	0
3463	0
81611	0
28542	0
80384	0
49057	0
63919	0
5930	0
73345	0
10163	0
68091	0
27953	1
4322	1
19783	0
72010	0
92194	0
73276	0
80312	0
15075	0
80354	0
54642	0
54321	0
84692	0
68212	0
9682	0
72990	0
26397	0
5889	0
59961	0
71000	0
50760	1
32706	0
86336	0
73864	0
39746	0
26610	0
41631	0
60219	0
60395	0
22097	0
78912	0
52045	0
86423	1
77623	0
67403	0
1468	0
49468	0
67665	0
13742	0
99138	0
42945	0
14456	0
86008	0
6107	0
93886	0
9945	0
97098	0
87163	0
29906	0
76152	1
99954	0
65998	0
10940	0
76302	0
65420	0
59899	0
35140	0
23576	0
43520	1
34781	0
6487	0
33061	1
33224	1
84397	0
96751	0
32091	1
69711	0
30150	0
4634	0
101937	0
15614	0
92972	0
34102	0
7612	0
17026	0
72159	0
65780	1
1268	0
4560	0
93667	0
26835	0
17836	0
71079	0
61211	0
68143	0
13731	0
86087	0
29118	0
11749	0
56631	0
97623	0
49195	0
48678	0
65820	0
44839	1
54292	0
6181	0
50629	0
67034	0
57915	0
98318	0
27578	0
48857	0
24724	1
6467	0
15924	0
94824	0
58702	0
90211	0
27604	0
38935	0
87621	0
16117	0
3047	0
71691	0
10627	0
64266	1
55842	0
63275	0
67574	0
85385	0
37387	0
69485	0
73597	0
74747	0
98625	0
80027	0
28426	0
66986	0
9753	0
44123	0
43412	1
26630	0
71796	0
87736	0
21768	0
100987	0
87713	1
101257	0
9874	0
47945	0
5664	0
68451	0
22811	0
45445	0
30954	0
36084	0
14162	0
91777	0
95328	0
53905	0
89897	0
22489	0
64131	0
50283	0
71596	0
81475	0
27340	1
41887	0
6230	0
68955	0
73940	0
45213	0
71954	0
20157	0
43185	0
94041	1
86763	0
27470	1
83893	1
85909	0
41417	0
26641	0
55598	0
96886	0
77222	0
96861	0
38801	0
63695	1
8481	0
55694	0
5018	0
91224	0
49854	0
102082	0
64326	0
68331	0
21226	0
13606	0
4569	0
50126	0
52264	0
7868	0
99030	0
81642	0
79556	0
59888	0
85502	0
28577	0
42255	1
90099	0
23729	0
17072	0
56184	0
93984	0
38366	0
82380	1
6751	0
41675	0
89410	0
3364	0
64456	0
82988	0
11155	0
36373	1
207	1
7086	0
100346	0
32102	0
13992	0
24298	0
48937	1
41798	0
68868	0
55113	0
84142	0
80894	0
92469	0
92847	0
14376	1
11797	0
1424	0
93912	0
92952	0
15330	0
51472	0
11083	0
6537	0
35919	0
11317	0
21333	1
55790	0
12356	0
63174	0
87828	0
30576	0
43793	0
97716	0
20337	0
68346	0
55046	0
42549	0
25821	0
15738	0
23612	0
65950	0
49444	0
68769	0
94260	0
35605	0
29787	0
95053	0
84392	0
21441	0
320	0
27657	0
21092	1
29259	0
61423	0
49858	0
75986	0
21752	0
67565	0
77951	0
41760	0
88632	0
87974	0
84240	0
23422	0
34644	0
1300	0
88302	0
34555	0
64664	0
53816	0
70462	1
74461	0
94866	0
16027	0
47401	0
26365	0
76026	0
22826	0
51305	1
76554	0
5988	0
32790	1
97046	0
57334	0
99903	0
95411	0
2082	0
36202	0
87357	0
17066	0
16111	0
69424	0
7118	0
2488	0
66398	0
81394	0
62899	0
65893	0
54605	0
74796	0
11122	0
35436	0
101836	0
62738	0
9224	0
37418	0
5063	0
53040	0
95019	0
76655	0
85252	0
64494	0
16214	0
47322	0
48138	0
87504	0
97976	0
4839	0
78457	0
4339	0
32569	0
71621	0
39546	0
33555	0
43144	0
45739	0
55349	0
91174	0
7486	0
33878	1
39305	0
101863	0
15932	0
64005	0
20213	1
8673	0
27465	0
32021	0
16416	0
99484	0
55051	1
3236	1
48151	0
47140	0
62212	0
92802	0
84666	1
85249	0
93792	0
30368	0
30802	0
89375	0
98937	0
54146	0
81320	0
28524	0
26663	0
68446	0
56211	0
49348	0
76881	0
16611	0
76025	0
9582	1
73044	0
10370	0
73421	0
48402	0
88973	0
37007	0
92875	0
49598	0
41215	0
51331	0
64920	0
56655	0
95626	0
6210	1
40541	0
11957	0
13579	0
8725	0
84015	0
84685	0
26199	0
17104	0
35290	0
50742	0
51132	0
61255	0
1321	0
65699	0
86965	0
29468	0
7131	0
3762	0
29133	0
91262	1
51846	0
75361	0
40375	0
41154	0
57932	0
16636	0
84682	0
29433	1
14980	0
65252	0
12412	0
34778	0
37366	1
102384	0
35940	0
60966	0
34873	1
48409	0
64310	0
57724	0
70945	0
89181	0
40166	0
13645	0
99788	0
11029	0
46105	0
28003	1
43246	0
51494	0
35473	0
66229	0
92486	1
25999	0
37712	0
36417	0
15054	0
28007	1
14792	0
55012	0
82541	0
10190	0
28764	0
26077	1
68084	0
13294	0
32606	0
26448	0
47709	0
57583	0
28137	0
68251	0
94678	0
1011	0
58323	0
28771	0
54866	0
38262	0
22168	0
35096	0
10523	1
69100	0
69511	1
83003	0
55357	0
83218	0
54325	0
36423	0
63952	0
53659	0
102404	0
39340	0
79850	0
67647	0
62043	0
15457	0
90855	0
99558	0
18845	0
83854	0
35126	1
44980	0
18495	0
101526	0
28203	0
62979	0
71507	0
85529	0
26514	1
97891	1
8730	0
63762	0
36592	0
43634	1
70892	0
4990	0
87743	0
76305	0
78052	0
69427	0
3291	0
97714	0
65999	0
13320	0
52651	0
52389	0
69523	1
45383	0
94199	0
72124	0
23249	0
20238	0
9204	0
55362	0
80257	0
19697	1
57595	0
8739	0
45091	0
98370	0
43788	0
97315	0
90982	0
57035	0
68294	0
84833	0
6702	0
47289	0
13980	0
36630	0
63916	0
55304	0
49184	0
17582	0
5506	0
19061	0
83778	0
24596	0
64120	0
47799	0
14605	0
66739	0
69903	0
36397	0
90026	0
4427	0
92769	0
32245	1
61416	0
22819	0
77360	0
15269	1
59921	0
74854	0
77885	0
89485	0
71376	0
38038	0
84223	0
94497	0
84512	0
478	0
13674	0
35367	0
30325	0
3631	0
21488	0
95807	0
10403	0
65889	1
47529	0
53443	0
11704	0
69172	0
65971	0
7387	0
35151	0
94296	0
84698	0
85112	0
45422	0
83352	0
64706	0
47016	0
58196	1
73782	0
12936	0
48773	1
60655	0
96359	0
81744	0
54027	0
21137	0
96194	0
34395	0
50370	0
100938	0
19895	1
4175	0
23162	0
99250	1
24039	0
95103	0
10873	0
19979	0
55891	0
89578	0
24778	0
52918	1
29107	0
10408	0
16561	1
45237	0
65263	0
16985	0
34483	1
34236	0
781	0
85098	0
82613	0
26417	0
68494	0
60209	0
57108	0
6158	0
59821	0
19707	0
4924	0
11534	0
60262	0
52940	0
17880	0
9711	0
21439	0
42268	0
63436	0
20338	0
43893	0
98730	0
96896	0
3273	0
56584	0
66752	0
74436	0
34243	0
23608	0
36002	0
79341	0
22215	0
62501	1
87481	0
7764	0
92358	0
31877	0
67387	0
34178	0
92263	0
98073	0
47456	0
51073	0
44881	0
56550	0
39395	0
37681	0
73443	0
66574	1
80206	0
52989	0
30773	0
15507	0
73264	0
45250	0
96519	0
65931	0
37310	0
50334	0
27394	0
43462	0
42453	0
19376	0
74944	0
1231	1
74617	0
38173	0
90835	0
13151	0
44613	0
100434	0
36845	0
1109	0
79397	1
44069	0
10641	0
81897	0
94864	0
4960	0
91104	0
15717	0
21361	0
28514	0
42040	0
29158	0
30041	1
20856	0
40174	0
31143	0
76993	0
50377	0
30481	0
85067	1
17779	1
69536	0
36696	0
34100	0
33749	0
37035	1
50227	0
91553	0
71476	1
61363	0
2788	0
39456	0
83466	1
2091	0
84438	0
59283	1
41429	0
49666	0
35274	0
19424	0
48464	0
18265	0
98233	0
101491	0
15682	0
27787	0
44356	0
71891	0
54461	0
73629	0
99186	0
95376	0
14483	0
16735	0
43116	0
2973	0
82945	0
78926	1
3886	0
23769	0
19305	1
20027	0
84831	1
75681	0
8731	0
32488	0
20514	0
18170	1
35853	0
97206	1
96710	0
23282	0
20035	0
2021	1
31702	0
99620	0
90009	0
23011	0
677	0
52464	0
27838	0
84470	0
57110	0
13331	0
44756	0
22810	0
46167	1
27438	0
82583	0
31375	0
82280	0
86762	0
42780	0
82430	0
4635	0
74350	0
9075	0
55938	0
34841	0
17236	0
100602	0
51621	0
31959	0
71513	0
780	0
19671	0
49330	0
619	0
81123	0
77508	0
99525	0
18685	0
32089	0
58461	0
48808	0
90547	0
32583	0
44645	0
43280	0
79566	1
78132	1
47610	0
79265	0
60883	0
65927	0
98118	0
79371	0
99548	0
68869	0
41618	0
2085	0
38197	0
24217	0
64103	0
10905	0
63730	0
88151	0
71004	0
29617	0
49117	0
14251	0
65253	0
49476	0
54601	0
32357	0
79519	0
64095	0
3196	0
82048	0
77009	0
36928	0
22435	0
88739	0
47816	0
13475	0
70526	0
23532	0
17579	0
59835	0
87174	0
26264	0
23079	0
96912	0
10634	1
73351	0
50098	0
16464	0
61911	0
7230	0
25318	0
33745	0
65666	0
57514	0
78499	0
40017	0
49715	0
79718	0
158	0
100339	0
9254	0
93893	0
54797	1
57473	0
57153	0
54563	0
37995	0
51962	0
62703	0
50711	0
59642	1
90105	0
51570	0
68118	0
2141	0
97068	0
4743	0
61630	0
37057	0
55406	0
47190	0
76704	0
26718	0
79332	0
90355	0
92528	0
59487	0
64397	0
16198	0
8431	0
35718	0
71773	0
18904	1
16506	0
96429	0
57582	0
77116	0
59686	0
44793	1
71966	0
2316	0
45135	1
55384	0
2600	0
83050	0
34008	0
16540	0
67640	0
47200	0
7334	0
92510	0
51115	0
84182	0
5295	0
95662	0
84777	0
26720	0
81405	1
87251	0
10265	0
92806	0
5283	0
94162	0
52867	0
72757	0
83082	1
12634	1
18341	0
93816	0
36469	0
73693	0
4633	0
70058	0
9506	0
10823	0
31388	0
3143	0
75508	0
66054	0
51075	1
21796	0
77708	0
64205	0
84357	0
30127	0
97469	0
90633	0
8086	0
45084	0
76613	0
64578	0
82719	0
37617	0
59690	0
93702	0
3067	0
12709	0
18921	0
28487	0
71645	0
18965	0
63238	0
15099	0
40731	0
100108	0
93383	0
8350	0
66018	0
21191	0
35132	1
8599	0
58454	0
33358	0
89409	0
36288	0
26458	0
9066	0
83090	0
10863	0
5844	0
16130	0
44385	0
4448	0
70580	1
37827	1
82464	0
9703	0
69569	0
21496	0
45366	0
86796	0
1158	0
84139	1
10327	1
56103	0
98555	0
40564	0
39140	0
62426	0
100223	0
92854	0
68242	0
25975	0
62028	0
70616	0
66234	0
8266	0
76376	0
26313	0
32839	0
35400	0
35694	0
58759	0
52109	0
44697	0
963	0
34955	0
53742	0
40232	0
25085	1
73604	0
70805	0
5586	1
19398	0
63685	1
34361	0
82532	0
23452	0
50983	0
55455	0
89444	1
29842	0
82567	0
47271	0
88778	0
83217	0
29214	0
69039	0
50646	1
98997	0
40285	0
52347	0
19392	0
29693	0
54417	0
89762	1
93231	0
67011	0
82584	0
22354	0
53473	0
24805	0
49438	0
15515	0
73202	0
26359	0
51219	0
30836	0
71423	0
9981	0
71500	0
85402	0
10419	0
16604	0
25856	0
39246	1
12933	0
76646	0
3423	0
86200	0
72460	0
43410	1
87168	0
10699	0
27866	0
6572	0
58138	0
47120	0
39809	0
42652	0
101045	0
60153	0
4157	0
77336	0
86384	0
67441	0
66786	0
10574	0
29388	0
89873	0
76307	1
29714	0
32978	0
53945	0
54334	1
65992	0
1197	0
14581	0
18525	0
11726	0
350	0
5059	0
84221	0
46739	1
69684	0
99169	0
57596	0
46838	0
22195	0
26569	0
32103	0
91160	0
4516	0
25249	0
42418	0
39327	0
56146	0
89689	0
99005	0
35874	1
86155	0
74323	0
85921	1
100981	1
24545	0
40429	0
44016	0
28832	0
33258	0
43508	0
61842	0
11405	0
72992	0
62521	0
14550	0
100010	0
542	1
10244	0
77402	1
85527	0
18364	0
31456	0
48635	0
61175	0
23340	0
79798	0
17811	0
18569	0
71489	0
101773	0
89760	0
37967	0
16915	0
44420	0
89078	1
68624	0
77346	0
14209	0
75985	0
22377	0
63229	0
40945	0
70023	0
13663	0
56773	0
69875	0
5065	0
87326	0
96404	0
91768	0
32073	0
58185	0
39522	0
23565	0
82809	0
8180	0
57777	1
42757	0
92977	0
83821	0
32586	0
69254	0
38541	1
72246	0
24407	0
13367	0
14843	0
17301	1
52166	1
92253	0
81151	0
78452	0
99425	0
82931	1
6106	0
8911	0
102267	0
38218	0
47607	0
67370	0
10609	1
38358	1
81170	0
68126	0
39004	0
19086	0
39358	0
69122	0
53860	0
53108	0
7741	0
52536	0
100849	0
45977	0
66238	0
54240	0
19725	0
40056	0
61462	0
47977	0
44965	0
87863	0
62422	0
84520	0
28256	0
37277	0
38762	0
2954	0
17419	0
87377	0
38595	0
38005	0
92657	1
79764	0
93173	0
9099	0
77466	0
88996	0
66931	0
90185	0
42600	0
31177	0
98131	0
15290	0
100151	0
23666	0
60813	0
94487	0
26967	0
87907	0
87575	1
17130	0
99755	0
7420	0
40823	0
83905	0
80738	0
94408	0
32258	0
57813	0
23951	0
3217	0
4113	0
56142	0
43803	0
90180	0
16324	0
23796	0
44926	0
4249	0
58556	1
8376	0
82882	0
33777	0
55218	0
36685	0
54583	0
10443	0
16638	0
92204	0
24978	0
29007	0
12674	0
64832	0
70880	0
34812	0
74043	0
99659	0
57241	0
74556	0
55725	0
10353	1
98904	0
46711	0
40133	0
67000	0
82826	0
1220	1
49606	0
97003	0
67675	0
28672	0
71602	0
63869	0
24454	1
15678	0
14402	0
90491	0
66814	0
50936	0
47522	0
1473	0
55896	0
64072	0
27870	0
41338	1
73136	1
61593	0
40345	0
4081	1
84315	0
55164	0
48189	0
57816	0
91225	0
85911	0
79070	0
4149	0
70288	0
47367	0
91779	0
35210	1
100569	0
93955	0
50099	0
23192	0
1842	0
79384	0
22682	0
1667	0
94092	0
88710	0
46532	0
16586	0
78735	0
101604	0
54505	0
81142	0
51469	0
80876	0
14693	0
69580	0
41120	0
75562	0
9823	0
21470	0
101574	1
57957	0
6637	0
20868	0
10348	0
95453	0
37758	0
45006	0
69030	0
16139	0
53181	0
29111	0
95606	0
61721	0
33529	0
51558	0
58013	0
2270	0
6743	1
89237	1
50147	0
81788	0
50754	0
10505	0
92686	0
28671	0
22268	0
99707	0
63566	0
51024	1
24694	0
62303	0
91876	0
26449	0
77580	0
72844	0
43614	0
36816	0
14845	0
20838	0
14170	0
3268	0
94949	0
66030	0
38667	0
61219	0
41690	0
7260	0
81184	0
96443	0
70797	1
95690	0
98485	0
5179	0
74177	0
66996	0
90314	0
73966	0
84169	0
209	0
71614	0
57087	0
11774	0
49820	1
5222	0
32175	1
71648	0
28875	1
81984	0
63519	0
49783	0
43813	0
82485	0
48858	0
1866	1
33502	0
58311	0
26262	1
33467	0
60524	0
39481	0
37926	0
25430	0
60543	0
59097	0
38098	0
3829	0
87445	0
48944	0
63364	0
101192	1
14353	0
48317	0
42427	0
37797	0
13296	0
45642	0
93947	0
100581	0
63126	0
6813	0
82855	0
51407	0
32266	0
31929	0
88657	0
62610	0
69061	0
9272	0
43082	0
94728	0
19549	0
52965	0
37515	1
19562	0
37845	0
48912	0
45211	0
3832	0
71392	0
40316	0
47476	0
45240	0
20604	0
91132	1
100721	0
17984	0
23792	0
79222	0
74470	1
47581	0
88487	1
37456	0
27732	0
88136	0
87886	0
78839	0
27894	0
92195	0
44797	1
19215	0
74105	0
57765	0
95409	0
18679	0
12924	0
40071	0
49818	0
44042	0
67716	0
57710	0
5805	0
90025	1
66527	0
37260	1
89520	0
17497	0
16279	0
40068	0
63623	1
86739	0
75399	0
49049	0
72158	0
2986	0
352	1
49173	0
64491	0
33292	0
20239	0
101250	0
59071	0
93885	0
83029	1
11274	0
12413	0
44301	0
4658	0
97547	0
9403	0
26588	0
47858	0
31564	0
32897	0
87578	0
34952	0
46810	0
52108	0
63763	0
16452	0
9156	1
87548	0
41325	0
82658	0
15656	0
31271	0
73632	0
79405	0
7667	0
8629	0
88314	0
9748	0
34968	0
52963	0
14457	0
72113	1
5900	0
10429	0
39642	0
95653	0
73186	0
4320	0
79648	0
4348	0
54550	0
85111	0
53726	0
46336	0
14464	0
27405	0
59201	0
88491	0
35049	0
82074	0
26187	0
23527	0
27395	0
22272	0
75030	0
10276	0
70428	0
19197	1
92938	0
100879	0
34727	0
38674	0
21606	0
72686	0
59932	0
87638	0
82096	0
68925	0
9137	0
26142	1
70869	1
94799	0
100600	0
84244	0
43846	0
76453	0
66477	0
85029	0
87278	0
92529	0
67169	0
16829	0
99312	1
21551	0
75263	0
22455	0
72709	0
238	0
32759	0
65855	0
8752	0
19993	0
96928	0
23312	0
34521	0
57530	0
17988	0
16097	0
28579	0
69300	0
100467	0
29391	1
42387	0
71678	0
43458	0
76564	0
99890	0
28954	0
21184	0
54361	0
79095	0
12778	0
59169	0
19617	0
29084	0
31969	0
6614	0
101039	0
53906	0
85600	0
4169	0
97946	0
97724	0
35509	0
61297	1
56676	1
25386	0
55961	0
88845	0
62141	0
39269	0
26383	0
81284	0
31353	0
85873	0
93244	0
83263	0
64787	0
90787	0
101568	0
94091	0
57741	0
72876	0
75450	0
74300	0
931	0
12961	0
89862	0
49997	1
20329	0
96462	0
12477	0
4141	0
44439	0
7263	0
40528	0
92193	0
33456	0
70926	0
22922	1
74983	0
53944	1
91527	0
12635	0
28297	0
32667	0
6657	0
34177	0
12106	0
97612	0
12368	0
4376	0
67362	0
86723	0
30690	0
64493	0
70217	0
58023	0
75120	0
83258	0
48700	0
25761	0
81768	0
50443	0
43820	0
67477	0
79795	0
60957	0
29653	0
13544	0
98049	0
39091	0
82925	0
80351	0
37096	0
46131	0
10455	1
97732	0
34165	0
40206	0
95629	0
73581	0
58307	0
4713	1
90716	0
50317	0
10112	0
48024	0
27197	0
33694	0
25444	0
55712	0
10738	0
17109	0
6918	0
64622	0
71911	0
18428	0
56137	0
54198	0
91979	0
90557	0
77923	0
74986	0
62857	0
96301	0
16235	0
64063	0
100031	0
59793	0
23169	0
4123	0
60405	0
17285	0
46505	0
55439	0
30895	0
3539	0
78509	0
68621	0
91321	0
41087	0
34249	0
68135	1
86350	0
13626	0
66709	0
27573	0
62333	0
35293	0
22014	0
95305	0
67485	1
82511	0
11807	0
32227	0
23976	0
75359	0
96507	0
25059	0
90264	0
2059	0
56580	0
83259	0
31434	0
72940	0
74360	0
97895	0
23234	0
80552	0
80154	0
19271	0
79843	0
78815	0
2142	0
51122	0
32674	0
15945	0
61868	1
23862	0
21639	0
17313	0
51386	0
76859	1
93509	0
100232	0
27614	0
67276	0
43093	0
38923	1
6427	0
77437	0
28510	0
1050	0
80690	1
56697	0
14776	0
56115	0
10357	0
27484	0
90752	0
55472	0
56875	0
100011	0
35301	0
66743	0
2290	0
101993	0
76797	0
83736	0
85289	0
59489	0
77510	0
45120	0
86588	0
48475	0
89619	0
14566	0
18509	0
29854	0
77768	0
101299	0
65536	0
60963	0
18844	0
87450	0
44524	1
15019	0
29991	0
13978	1
68696	0
41442	0
25725	0
83222	1
75796	0
82226	1
86040	0
15363	0
86277	0
7179	0
57737	0
52403	0
88447	0
78904	0
25419	0
69389	0
14507	0
57854	0
48490	1
63708	0
41254	0
31209	0
41055	0
98397	0
47094	0
57836	0
23756	0
24737	1
15718	0
74929	0
42141	0
66351	0
55582	0
86411	0
3659	0
80344	0
54683	0
90384	0
51209	0
44238	0
95526	0
74011	0
57210	0
20709	0
14320	1
66296	0
66346	0
6682	0
55193	0
9207	0
54072	0
75185	0
13975	0
58202	0
61461	0
96405	0
1347	0
11411	0
56726	1
50948	0
98047	0
79813	0
51891	0
32784	0
86586	0
60119	0
35824	0
28133	0
32484	0
67965	0
9635	0
25600	0
47520	0
72462	0
19862	0
39114	0
55912	0
76288	1
70384	0
39030	0
22950	0
44222	0
95492	0
77669	0
37265	1
99799	0
76441	0
90289	0
14219	0
82255	0
31895	0
49008	1
62943	0
39230	0
67491	0
58268	0
67311	0
44992	0
59046	0
15465	0
85685	0
16103	0
30689	1
14035	0
65174	0
31940	0
38251	0
76176	1
38249	0
62074	0
44833	0
33475	0
94740	0
33458	0
94198	0
88449	1
35891	0
1576	1
13848	0
101297	0
8131	0
31585	0
49395	0
89249	0
6896	0
83884	0
73438	0
27285	0
37843	0
4354	0
45033	0
18830	0
8190	0
93510	0
73623	0
30261	0
21158	1
90378	0
35948	0
1590	0
27768	0
13834	0
1289	0
99383	1
95337	1
77660	0
11572	0
84396	0
25145	0
75152	0
77413	0
78371	0
72695	0
55058	0
52813	0
91958	1
30019	0
43862	0
91255	0
68549	1
100442	0
95844	0
72001	0
95408	0
96100	0
73803	0
89628	0
51418	0
60088	0
26232	0
16712	0
98525	0
65824	0
55489	0
71616	0
29399	0
90897	0
47387	0
49168	1
3722	0
50738	0
6356	0
63570	0
99170	0
37138	1
39217	0
61160	0
77910	0
924	0
80072	0
46596	0
30457	0
73233	0
92960	0
13163	0
65337	0
66776	0
52547	0
8122	0
72072	0
41886	0
14506	0
34203	0
86456	0
10671	0
92706	0
101050	0
72381	0
45298	1
72758	0
14120	0
8557	0
100364	0
72636	0
43750	0
86791	0
3317	0
34820	0
7721	0
84156	0
53558	0
86538	1
95591	0
71131	0
88304	1
551	0
67450	0
23333	0
41684	0
30096	0
32134	0
76111	0
66168	0
33033	0
61272	0
10795	0
21069	1
13636	0
90134	0
30993	0
16467	0
70045	1
63879	0
96749	0
31214	0
43596	0
87916	0
27416	0
22557	0
25988	0
47421	0
87948	0
94825	0
102316	0
10139	0
57644	0
45550	0
94498	0
100557	0
3624	1
80891	0
48483	0
13621	0
93583	0
17823	0
76283	0
42897	0
94038	0
69194	0
16199	0
69730	0
1064	0
5284	0
71879	0
90307	0
8928	1
56691	0
81975	0
17589	0
5896	0
65245	0
25361	0
77271	1
3555	0
932	0
4744	0
29064	0
59310	0
11188	0
17720	0
45370	0
72310	0
20943	0
9844	0
43407	0
88352	0
51121	0
15024	0
30321	0
9145	0
100316	0
30034	0
32829	0
19350	1
56055	0
55440	0
1822	0
97525	0
47033	0
53916	0
61336	0
676	0
48979	0
94304	0
4064	0
16875	0
30264	0
102318	0
22147	0
10552	0
48574	0
98697	0
12255	1
90651	0
37554	0
11366	0
73816	0
49380	0
43316	0
53194	0
66485	0
101634	0
77824	0
63445	0
19156	0
45571	0
52020	0
76337	0
55862	0
1978	0
98752	0
90186	0
78361	0
16473	0
9924	0
102379	0
9462	0
72573	0
62310	0
72428	0
40163	0
56011	0
80057	0
2673	0
10422	0
591	0
56986	0
11223	0
79355	0
20670	0
61069	0
32939	0
15696	0
32868	0
28022	0
8335	0
81886	1
25951	0
21111	0
30948	0
70151	0
30018	0
63433	0
50918	0
58709	0
67920	0
80166	0
5985	1
82389	0
11742	0
101984	0
72425	0
32752	0
62678	0
65315	0
5305	0
97039	1
19459	0
64345	0
72620	0
36700	0
55857	0
23696	0
9774	0
77214	0
52860	0
89182	0
36755	0
12354	0
19566	0
23736	1
26177	0
100749	0
101377	1
58677	0
1142	0
99245	0
94767	0
62736	0
30866	0
36750	0
15336	0
70496	0
8921	0
63033	0
8436	0
34759	0
89784	0
15763	0
40410	0
73249	0
26178	0
27970	0
6058	1
55002	0
27903	0
56674	0
83388	1
84093	0
89441	0
86926	0
3451	0
15212	0
71703	0
54561	0
70359	0
64471	0
43819	1
69977	0
27932	0
40502	0
23982	0
69547	1
77106	0
72713	0
45284	0
56659	0
100341	0
28150	0
63441	0
66831	0
21417	0
2560	0
86416	0
22602	1
95179	0
89975	0
46195	0
20601	0
48328	0
79243	0
65251	0
86624	0
40809	1
69577	0
84351	0
20984	0
69270	0
24079	0
17869	0
36506	0
39224	0
95967	0
77224	1
49114	0
3160	0
34646	0
69923	0
79104	0
6892	0
62375	0
19177	0
93621	0
34079	0
66307	0
46137	0
66845	0
12734	0
92944	0
23674	0
91099	0
12438	0
15519	0
27793	0
3200	1
86022	0
51916	0
7084	0
79776	0
62580	0
8899	0
15180	0
66181	0
44541	0
18040	0
19218	0
20141	1
20339	0
55359	0
23638	0
20613	0
28945	0
64413	0
90945	0
51997	0
48794	0
72943	0
63379	0
9992	1
45337	0
65577	0
90027	0
12355	1
86716	0
66670	0
21093	0
2852	0
69415	0
66894	1
962	0
41067	0
94563	1
66699	0
42338	0
18140	0
100350	0
7980	0
37550	0
72154	0
78412	0
46194	0
98295	0
31949	0
47872	0
35537	0
68355	0
41048	0
33559	0
81156	0
99813	0
4418	0
56826	0
6660	0
17416	0
29843	0
30667	0
6299	0
22733	1
63674	0
77702	0
30709	0
65226	0
91906	0
93978	0
9456	0
60725	0
96902	0
31463	0
26157	0
89091	1
24620	0
75543	0
45549	0
6700	0
20261	0
86567	0
37701	0
7591	0
93115	0
5890	0
22774	0
42087	0
54075	0
82832	0
662	0
8612	0
34764	0
66825	0
47377	0
57809	0
35263	0
43191	0
100210	0
66207	0
82505	0
20334	0
93833	0
101531	0
94967	0
53900	0
19067	0
60912	0
47432	0
7044	0
1368	0
93870	0
69904	0
5546	1
85820	0
14535	0
96588	0
38991	0
73990	0
59490	0
59954	0
48232	0
76274	0
32627	0
13616	0
100920	0
20050	0
58804	0
87248	0
40903	0
48032	0
48293	0
97083	1
73554	0
71788	0
39445	0
43861	0
59919	0
25895	0
46214	0
94668	0
64702	0
85014	0
22302	0
552	0
81990	0
80840	0
76726	0
33013	0
45682	0
102394	1
101444	0
3191	0
41267	0
36991	0
29764	0
29657	0
58650	0
47007	0
61637	0
80743	1
94948	0
52877	0
96397	0
2309	1
35552	0
64745	1
63193	0
24586	0
16843	0
11941	0
65751	0
38828	0
48288	0
89924	1
77488	0
32493	0
77980	1
84347	0
84010	0
29852	0
32656	0
80951	0
22205	0
90030	0
17519	1
37028	0
1455	0
61356	0
79230	0
58374	0
100799	0
15626	0
29172	0
41579	0
65489	0
12203	0
43230	0
49989	0
62415	0
62781	0
32690	0
37831	0
89315	0
34039	0
7955	0
12575	1
98718	0
23155	0
6850	0
26642	0
44159	0
50685	0
87070	0
37739	0
101308	0
22136	0
28043	0
98987	0
30606	0
95782	0
78562	0
1508	0
18002	0
1021	0
51475	0
56480	0
73756	0
31425	0
10780	0
64639	0
84501	0
17123	0
90952	0
89241	0
3439	0
95875	0
88864	0
62199	0
92733	0
22701	0
40425	0
100722	0
9028	0
101889	0
4337	0
1634	0
1449	0
64240	0
64281	0
69707	0
63871	0
74094	0
84246	0
87910	0
38873	1
15760	0
97991	0
72198	0
45945	0
37451	0
43009	0
80106	0
73749	0
62841	1
68239	0
12053	0
87872	0
69993	0
55796	0
51694	0
85823	0
84174	0
50650	0
40661	0
35918	0
65494	0
54221	0
95011	0
66261	0
89895	0
78458	0
41031	0
36295	0
13395	0
101441	0
1850	0
7002	0
95651	0
18681	0
52368	0
92028	0
5764	0
54	0
98789	0
75821	0
73799	0
75918	0
21369	1
69797	0
88922	0
44115	0
52655	0
21970	0
66596	0
57143	0
79876	0
61816	0
93242	0
10881	0
49353	0
92232	0
78727	0
62326	0
53376	0
76684	0
81598	0
9184	0
88082	0
40537	0
73399	0
31909	0
97015	0
76624	0
33967	0
32566	0
11746	0
58679	0
43711	1
81844	0
69086	0
75814	0
36446	0
60125	0
8393	0
39943	0
19733	1
25980	0
75885	0
1913	0
73370	0
37320	0
5729	1
40803	0
76591	0
66649	0
61717	0
77408	0
28008	1
41740	0
60196	0
88785	0
4863	0
61790	0
85790	0
47428	0
7360	0
58599	0
48275	0
71886	0
101973	0
51462	0
94674	0
82999	0
21165	0
36517	0
73770	0
25565	0
71137	0
8931	0
32874	0
22842	0
35133	1
17086	0
16943	0
102133	0
18057	0
27500	0
81135	0
11924	0
39319	0
98127	0
82721	0
11679	0
56133	0
67886	0
17541	0
39659	0
100708	0
84087	0
55506	0
4958	0
69386	0
42740	0
82190	0
60905	0
89778	0
70473	0
9384	0
60990	0
53723	0
8832	0
22757	0
86012	0
97011	0
52601	1
2441	0
61817	0
43005	0
78360	0
59126	0
20495	0
77913	0
91529	0
90062	0
57542	0
74440	0
54937	0
14559	0
7404	0
12879	0
66034	0
25068	0
24410	0
96739	0
8458	0
51	0
99981	0
94347	0
25696	0
79660	1
55644	0
82930	0
79991	0
100604	0
55726	0
89841	0
67136	0
79676	0
82939	0
70506	1
100970	0
27593	0
11982	0
16477	0
53258	0
64926	1
55495	0
91772	0
2601	0
77313	0
56322	0
17412	0
63678	0
82669	0
98195	0
37682	0
12937	0
46307	0
89402	0
33140	0
45104	0
83140	0
1358	0
78036	0
36662	1
39025	0
65805	0
35565	0
67458	1
85137	0
47882	0
31596	0
44941	0
2086	0
26130	0
91598	0
60781	0
62111	0
68986	0
95749	0
99577	0
75651	0
80934	0
82752	0
7381	0
37269	0
89732	0
81621	0
46713	0
83372	0
23790	0
2065	0
60953	0
17790	0
71118	0
35624	0
53347	0
54010	0
19009	0
51037	0
60850	0
94785	0
22332	0
87988	0
88771	0
44707	0
13526	0
99675	0
71908	0
81631	0
85359	0
92768	0
29836	0
52240	0
69898	0
28717	0
15335	0
84732	0
92414	0
10582	1
4580	0
77578	0
2212	0
71567	0
37471	0
62207	0
67173	0
50635	0
59089	0
31621	0
72938	0
61469	1
8286	0
47725	0
17176	0
82339	0
60490	0
93929	0
79452	0
15352	0
70840	0
8175	0
37945	0
16930	0
28119	0
88599	0
90144	0
56727	0
41914	1
96960	0
22827	0
17361	0
27320	0
90794	0
66499	0
3981	0
14963	0
5372	0
15303	0
26488	0
4595	0
42875	0
90933	0
101234	0
13769	0
36618	0
1829	1
96008	0
61905	0
92664	0
49652	0
57308	0
16518	0
73699	0
93735	0
20632	0
73163	0
15426	0
74444	0
97672	0
48248	0
91936	0
36351	0
60404	0
20760	0
9983	0
81662	0
28975	0
99214	0
83453	0
76205	0
41982	0
54656	0
8010	0
41415	0
4335	0
9324	0
75915	1
10041	1
25010	0
19519	0
66744	0
88629	0
47272	0
84263	1
73317	0
28330	0
45273	0
41756	0
57717	0
61341	0
6753	1
37744	0
93134	0
55312	0
57284	1
29778	0
39277	0
39868	0
45167	1
88174	0
64870	0
33824	0
34227	0
101656	0
57288	0
28567	0
27723	0
84896	1
92971	0
50166	0
62946	0
38083	0
52187	0
97630	1
99152	0
22120	0
96160	0
74047	0
57929	0
91201	0
84636	0
47492	0
30199	0
100904	0
95031	0
49494	0
23406	0
98350	0
65856	0
67828	0
40547	0
64396	0
44125	0
83567	0
6056	0
18802	1
18876	0
85451	0
75333	0
19642	0
101741	0
22785	0
54651	0
46802	0
34589	0
33621	0
40364	0
55253	0
53738	1
19356	0
5487	0
75640	0
37902	0
85351	0
671	0
1631	1
100020	0
101553	0
17531	0
24105	0
99199	0
35405	0
32369	0
92149	1
46010	0
85756	0
25160	0
88792	0
28527	0
28239	0
78216	0
89825	0
75951	0
34253	0
101332	0
86329	0
25584	0
100789	0
72037	0
91271	0
16986	0
102405	0
27719	0
45203	0
21485	0
81325	1
22825	0
83587	0
14645	0
32726	0
98372	0
48241	0
64447	0
69638	0
6215	0
7543	0
10459	0
3567	0
3478	0
57631	0
37606	0
78959	0
99272	0
28158	0
45123	0
69607	0
82763	0
85485	0
87839	0
80797	0
76117	0
3431	0
66812	1
81916	0
100361	0
75236	1
34614	0
75230	0
28143	0
43942	0
28639	0
99510	0
49887	0
54671	0
87694	0
71467	0
42030	0
48431	0
34489	0
25057	0
46573	0
6932	0
33324	0
62968	0
49574	0
64895	0
24825	0
63265	1
30403	0
94340	0
100754	0
32501	0
86904	0
87994	0
45520	0
20114	0
32885	0
80607	0
19098	0
74352	0
22406	0
68377	0
67205	1
50557	0
13764	1
9252	0
51245	0
10451	0
50191	0
30196	1
66256	0
3151	0
74922	0
16926	0
23704	0
15746	0
12647	0
54941	0
75264	0
10152	0
53980	0
13805	0
35700	0
48373	0
7212	0
13402	0
31771	0
43348	0
50926	1
89988	0
26869	0
42884	0
49922	0
20232	0
40798	0
82297	0
28913	0
88744	0
95490	0
34123	0
7116	0
69031	0
27170	0
8339	0
82275	0
14545	0
68973	0
59333	0
30629	0
23299	0
69475	0
11347	0
30730	0
81204	0
36037	0
33880	0
72140	0
81229	0
38365	0
22499	0
91359	0
73180	0
92958	0
100363	0
100666	0
27467	0
82546	0
921	0
26285	0
11326	0
36195	0
852	0
94248	0
16442	0
26858	0
12552	0
54371	0
46641	0
65881	1
99974	0
93089	0
57504	0
84932	0
6434	0
21308	0
40236	0
29845	0
51038	0
22662	0
69484	0
30655	0
55400	0
6680	0
78022	0
52863	1
31992	0
23418	0
14631	1
67241	0
44996	0
18354	0
36173	0
79043	0
85496	0
46201	0
52213	1
95458	0
75626	0
37816	0
85213	0
1038	0
11199	0
60809	0
79854	0
48022	0
91767	0
94901	0
86921	0
28349	0
69816	0
14760	0
79643	0
85361	0
57482	0
53101	0
43213	0
61408	0
54696	0
24735	0
90020	0
2944	0
99308	0
74786	0
63741	0
65006	0
27272	0
10600	0
1748	0
36480	0
85107	0
81885	0
2773	0
80082	0
18896	0
88727	1
71395	0
100402	0
11086	0
81395	0
89195	0
102110	0
85212	0
28715	0
72026	0
33474	0
44028	0
41736	0
20982	0
6545	0
23631	0
1288	0
87353	1
3459	0
14187	0
3269	0
56947	0
35009	0
31889	0
26482	0
32352	0
68596	0
88520	0
2551	0
53727	0
4728	0
14509	0
32481	0
98918	0
57470	0
61168	0
83940	0
38115	0
89266	0
6345	0
56717	0
2349	0
57238	0
54918	0
99140	0
81352	1
79953	0
96509	0
39396	0
71180	0
10849	0
55041	0
41425	0
65339	0
56318	0
77921	0
65342	0
67239	0
65545	0
81338	0
10559	0
90884	0
65715	0
65812	0
83468	0
57926	0
51013	0
10508	0
59722	0
49098	1
75881	0
31705	0
40356	0
6261	0
2179	0
72825	0
44473	0
75719	0
31650	1
32785	0
16267	0
67296	0
46885	0
82042	0
35781	0
99784	0
61435	0
62314	0
14130	0
34382	0
87211	0
17518	0
92000	0
77690	0
18132	1
88934	0
101708	0
49351	0
47937	0
7679	0
45111	0
43127	0
65807	0
100435	0
96374	0
38499	0
94459	0
55541	0
35635	0
71510	0
91133	0
7164	0
20212	0
28326	0
50019	0
11693	0
59601	0
41989	0
48334	0
58844	1
61000	0
45544	0
12370	0
2481	0
51844	0
86352	0
59866	0
47298	0
64550	0
73158	1
9283	0
46507	0
28378	0
81511	0
49229	0
16400	0
23975	0
25485	0
33206	0
51938	0
101829	0
24208	0
25836	0
90599	0
80148	0
26214	0
70412	0
10174	0
34420	1
32323	0
22637	1
47171	1
54890	1
43707	0
9786	0
57142	0
27503	0
41473	0
75975	0
64237	0
17953	0
53173	1
60312	0
38560	0
71191	0
34776	0
92425	0
98034	0
57643	0
8237	0
41051	0
52589	0
353	0
58354	0
16643	0
82838	0
31716	0
77135	0
15281	0
79692	0
9314	0
96672	0
81008	0
80483	0
72676	0
88807	0
92377	0
3813	0
41554	0
61346	0
14142	0
83291	0
77817	0
28095	0
17369	0
60099	0
69892	0
3310	0
53914	0
38585	0
23990	0
36217	0
22767	0
87624	0
29563	0
66838	0
50366	0
12375	0
27336	0
70451	0
61176	0
15642	0
10155	0
100208	0
23912	0
89738	0
65272	0
54180	0
30136	0
81233	0
11927	1
63258	0
81942	0
3182	0
5980	0
54106	0
81616	0
55063	1
63646	0
50136	0
79575	0
43272	0
87257	0
28260	0
5285	0
46798	0
88140	0
16086	0
3243	0
88170	0
16297	0
13141	0
80867	0
68601	0
92328	0
21904	0
50380	0
39480	0
72991	0
78300	0
19268	0
14549	0
102113	0
22037	0
13061	0
52849	1
92271	0
2409	1
79471	0
30623	1
62694	0
42138	1
98868	0
54996	0
37084	0
47924	0
43271	0
12387	0
101822	0
62519	1
79136	0
52515	0
102261	0
28539	0
81686	0
93410	0
82361	0
54688	1
95263	0
64687	0
38134	0
44676	0
46835	0
14161	0
70382	0
18951	0
27178	0
41721	0
27937	0
16846	0
19919	0
39345	0
62495	0
10874	1
71956	0
15938	0
45708	0
42006	1
42819	0
92084	0
44583	0
70751	1
35914	0
10372	0
59965	0
58651	0
19694	0
79063	1
33742	0
35321	0
29470	1
65791	0
98575	0
21173	0
75035	0
4776	0
89219	0
21005	0
61497	0
24583	0
98850	0
62789	0
51483	0
22015	0
91363	0
93925	0
61293	0
51341	0
50892	0
60425	0
90563	0
52440	0
100284	0
17968	0
32522	0
18377	0
16444	0
94972	0
100134	0
73085	0
11030	0
12844	0
26035	0
43405	0
34930	0
94214	1
92483	0
54904	0
33312	1
93552	0
82757	0
32680	0
7427	0
75602	0
43673	0
116	0
77694	0
7130	0
87014	0
100912	0
1758	1
88461	0
95323	0
96700	0
34386	0
27770	1
94111	0
78064	0
30348	0
10402	0
91407	0
90790	0
87379	0
80666	0
66269	0
94320	1
46630	0
32608	0
57527	0
19325	0
75422	0
74308	0
27261	0
75337	0
61421	0
6609	0
4371	0
42585	0
26294	0
52314	0
66475	0
49786	0
13012	0
97764	0
55701	0
18443	0
26959	0
15992	1
12633	0
66517	1
89811	0
83106	0
66366	1
62919	0
92168	0
29647	0
84665	0
97282	0
48609	0
91089	0
99827	0
53413	0
47197	0
22797	0
59790	0
6092	1
78014	0
95251	0
69219	0
39989	0
98761	0
5826	0
68356	0
45900	0
88993	0
6236	0
29665	0
84021	0
21670	0
48724	0
28582	0
17387	0
77638	0
51453	0
55545	0
52061	0
67581	1
21084	0
5469	0
82602	0
56567	0
6935	0
70313	0
13876	0
59803	1
8919	0
14865	0
16777	0
33861	0
100642	0
46698	0
33761	0
50073	0
78242	0
14887	0
13145	0
21285	0
40825	1
7159	0
85372	0
48669	0
29688	0
12523	0
66414	0
16835	0
26295	0
38471	0
28695	1
96244	0
41507	1
97831	0
78853	0
101209	0
84059	0
82230	0
22026	0
82623	0
33792	0
91125	0
99246	1
76983	0
55166	0
97562	0
11722	0
30539	0
31373	0
35273	0
66572	0
19073	0
79955	0
3477	0
37125	0
1770	0
12618	0
55692	0
64697	0
36062	0
80092	0
37264	0
94467	0
15634	0
49642	0
15980	0
39525	1
37583	0
29108	0
29443	0
26202	0
59527	0
33115	0
22766	0
62121	0
31552	0
47579	0
96714	0
76641	0
68587	0
36883	0
31260	0
35072	0
21700	0
1845	0
86757	1
89877	0
86520	0
35303	0
85141	0
69102	0
27727	0
56744	0
15741	0
72323	0
9350	0
62022	0
90398	0
46400	0
15159	0
43021	0
41665	0
93843	0
38256	0
57422	0
57324	0
78070	0
52273	0
17371	0
35413	0
55197	0
75234	0
42400	0
38793	0
34255	0
41896	0
18269	0
62988	0
30485	0
28612	0
28597	0
4090	0
81469	0
96115	0
60901	0
16116	0
4585	0
27850	0
91707	1
95753	0
92229	0
62225	0
30354	0
44562	0
101324	0
42467	0
48954	0
77261	0
7860	0
2901	0
67682	0
387	1
65237	0
66010	0
73315	0
47738	0
3278	0
58974	0
57674	0
86854	0
16343	0
34585	0
34934	0
96855	0
94519	0
24302	0
25428	1
12836	0
85230	0
71707	0
95700	0
70917	0
19968	0
9313	0
10284	0
4541	1
64819	0
19572	0
52088	0
73003	0
72540	0
76378	0
5398	0
38453	0
16516	0
63571	0
23672	0
41640	0
10923	0
27868	0
34916	0
37402	0
40092	0
50398	0
55443	1
64091	0
51856	0
54160	0
28580	0
2798	0
1198	1
4802	0
26842	0
47108	0
61275	0
34554	0
75875	0
3391	0
34376	0
52902	0
14078	0
53451	0
8493	0
97901	0
101363	0
91058	0
98522	0
70767	0
99332	0
99982	0
70875	0
65567	0
80189	0
87769	0
29675	1
1587	0
62609	0
65654	0
30852	0
7120	0
95301	0
18065	0
56180	0
68595	0
17114	0
50199	0
24536	0
79574	0
16795	0
48374	0
94956	0
67066	0
101108	0
27291	0
77036	0
20900	0
41202	0
27981	0
31413	0
85837	0
85007	0
69852	0
30846	0
6320	1
34118	0
45480	0
4622	0
77123	0
87720	0
39800	0
79641	0
18242	0
3897	0
68072	0
86849	0
56492	0
79416	0
46866	0
35091	1
67514	0
39883	0
42565	0
42748	0
75867	0
100813	0
36733	0
22285	1
75706	0
95761	1
52718	0
33744	0
22919	0
74493	0
62927	0
71046	0
43179	1
67020	0
84451	0
11339	0
95176	0
52400	0
92181	0
79144	0
45813	1
45663	0
79296	0
17874	0
5886	0
78222	0
78668	0
18308	1
52385	0
19534	0
90881	0
63398	0
55837	0
61184	0
101213	0
99417	0
82805	0
44087	0
29456	0
35192	0
46559	0
61185	1
61673	0
59726	0
36071	0
8463	0
59727	0
64165	0
67957	1
31496	0
98293	0
75965	0
78857	0
43471	0
96889	0
24526	0
92670	1
30586	1
92380	0
81540	0
78512	0
29475	0
52236	0
43954	0
28522	0
90390	1
13547	0
60928	0
11940	0
17694	0
42352	0
95808	0
84670	0
94306	0
93986	0
100864	0
49943	0
26233	0
44716	0
102430	0
17199	0
79858	1
82750	1
80162	0
12775	1
13792	0
89591	1
2929	0
45282	0
82644	0
63983	0
39576	1
4305	0
74449	0
15173	0
86808	0
22512	0
24352	0
14513	0
8782	0
65256	0
73022	1
60553	1
58403	0
3601	0
10391	0
16142	0
2144	0
40004	0
40329	0
95400	0
34103	0
60715	0
41793	0
89358	0
89676	0
72514	0
24097	0
61432	0
26515	0
84789	0
79862	0
61740	0
33191	0
55600	1
97703	0
102357	0
41878	0
25201	0
22500	0
86481	0
81091	0
20686	0
6067	0
28392	0
62068	0
450	0
59146	0
65103	0
62529	0
57890	0
360	0
68714	0
59585	0
11021	0
96929	0
2980	0
37684	0
61980	0
14364	0
44656	0
15800	0
80267	0
57067	0
48705	0
39574	0
54522	0
56992	0
20111	0
59488	0
60159	0
61216	0
18130	0
3041	0
52544	0
13633	0
88825	0
15552	0
5087	0
67784	0
67200	1
77729	0
52841	0
72919	0
11428	0
7933	0
50529	0
70583	0
73774	0
26454	0
27490	0
18356	0
42525	0
36658	0
42572	0
14554	0
2237	0
78664	0
17128	0
65959	0
60625	0
83658	0
35986	0
90442	0
23980	0
58371	0
15428	0
22893	0
45379	0
18611	0
69590	0
14975	0
35233	0
35373	0
65841	0
18516	0
82598	0
57874	0
52438	0
6526	0
18694	0
23447	1
21954	0
46282	0
84621	0
50475	0
5054	0
69455	0
91770	0
62864	0
49719	0
102220	0
100168	0
26314	0
60206	0
87375	0
80546	0
77754	0
96287	0
33478	0
5357	0
5217	0
101597	0
14687	0
70284	0
29221	0
58654	0
92608	0
29299	0
15981	0
35306	0
15652	1
45136	0
76451	0
51895	0
11866	0
71189	0
98016	0
86354	0
70228	0
15898	0
10510	0
93863	0
85367	0
21019	0
88131	0
18031	0
66241	0
101425	0
73586	0
101497	0
60334	0
47164	0
54124	1
42943	0
101893	0
11942	0
69227	0
27670	0
83536	0
47744	0
17011	0
70336	0
37227	0
80765	0
67899	0
68899	0
84875	0
19622	0
1187	0
10553	0
24	0
3480	0
97514	0
34894	0
77238	0
50088	1
86637	0
94463	0
79928	1
39499	0
36774	0
81802	0
74791	0
52110	0
64769	0
242	0
58969	0
93915	0
41092	0
15824	0
102115	1
90250	0
43612	0
28318	0
1138	0
53423	0
78893	0
4155	0
31504	0
22481	0
72064	1
88874	0
47605	1
20556	0
72609	0
65143	0
46373	0
35308	0
46144	0
2771	0
4998	0
30269	0
83346	1
62747	0
95569	0
3641	1
81088	0
14245	0
58176	0
49025	0
92121	0
83735	0
61528	1
47955	1
11111	0
28868	0
95062	0
91741	0
54252	0
58204	0
68199	0
23645	0
100808	0
55642	0
47101	0
77006	1
59372	0
22430	0
69240	0
12227	0
47779	0
99590	0
62601	0
46071	0
18979	0
64175	0
33362	1
20884	0
56005	0
95138	0
14224	0
96529	0
46480	0
4665	0
95399	0
69077	0
79266	0
51261	0
65082	0
7957	0
101476	0
90053	0
58865	0
70958	0
55106	1
26793	0
28250	0
72251	0
100848	0
78825	0
5642	0
86733	0
78958	0
25219	0
97866	0
41572	0
90216	0
47819	0
35201	0
47572	0
27744	0
21499	0
56204	0
49213	0
70365	0
70768	0
3022	0
86468	1
78793	0
12360	0
33009	0
78137	0
97492	1
39644	0
13476	0
56301	0
4627	1
76169	0
36765	0
51035	0
98889	0
56351	0
85520	0
1388	0
91006	0
18966	0
5441	0
84763	0
3763	0
11738	0
70076	1
90601	0
639	0
62253	0
91534	0
20191	0
71611	0
28383	0
56652	0
61562	0
24935	1
50107	0
24654	0
78261	0
78055	0
63370	0
31812	0
37513	0
5651	0
61869	0
71211	0
4379	0
17461	0
85011	0
2744	0
79804	0
40050	0
43709	0
37833	0
31760	0
63105	0
71776	0
61841	0
55689	0
91540	0
4572	0
81120	0
27829	0
24698	0
69144	1
15617	0
87301	0
42368	0
59324	0
69664	0
44837	0
79343	0
83196	0
90985	0
16983	0
73261	0
99336	0
54440	0
52781	1
10973	0
98456	0
56711	0
35196	0
38596	0
65851	0
86861	0
76735	0
74377	0
43690	0
27494	0
3685	0
11729	0
93780	0
80571	0
46088	0
30473	0
44873	0
39425	0
77697	1
74653	0
74415	0
98381	0
41216	0
68173	0
101581	1
23128	0
45283	0
35549	0
101985	0
3849	0
16034	0
87013	0
67366	0
7458	0
47422	1
8952	0
9199	0
23032	0
72898	0
83331	1
5902	0
87043	0
49975	0
24987	0
29467	0
24692	0
102049	0
27792	0
29587	0
76475	0
21164	0
72794	0
8157	0
34825	0
17536	0
71047	1
97627	0
82689	0
8867	0
67271	0
62215	0
78902	0
13100	0
5318	0
16932	0
88980	0
79604	0
56758	0
86451	1
28407	0
284	0
55542	0
1467	0
73913	0
68541	0
63756	0
20394	0
62826	0
90863	0
46092	0
100703	1
49669	0
77699	0
37381	0
72482	0
66927	0
42332	0
16903	0
2191	0
11981	0
33477	0
96810	0
75398	0
43518	0
2918	0
63187	0
84560	0
7533	0
6997	0
99242	0
77830	0
42107	0
5467	0
59563	0
44142	0
84765	0
98963	0
94882	0
57066	0
36387	1
98938	0
54995	0
7204	0
68276	0
53141	0
78170	1
45641	0
50321	0
29053	0
32694	0
76825	0
99655	0
20531	0
3592	0
39485	0
1768	1
38457	0
77418	0
57793	0
64954	0
13196	0
1538	0
100429	0
64602	0
68993	0
39229	0
2552	0
24061	0
26591	0
31297	0
5958	0
50389	0
26660	0
69938	0
35938	0
44600	0
96448	0
57483	0
98403	1
41868	0
23251	1
88296	0
82055	0
74652	0
6985	0
30082	0
83812	0
1007	0
9953	0
3632	0
3939	0
16102	0
64085	0
55158	0
20585	0
70190	1
67857	1
31092	0
12746	0
1932	0
18460	0
5939	1
84541	0
12999	0
40117	0
24942	0
29762	0
25731	0
62993	0
20283	0
78628	0
97942	0
79462	0
66757	0
80001	0
99360	0
52278	0
28398	0
29333	1
90713	0
34607	0
52226	0
72191	0
33710	0
47870	0
87802	0
71916	0
19494	0
35019	0
918	0
14108	0
39389	0
93306	0
82631	0
14194	0
63612	0
33182	0
58067	0
7321	0
6259	0
74857	0
2210	0
2367	0
40677	0
20373	0
17044	1
24645	0
42552	0
33872	0
38068	0
74268	0
25070	1
88365	0
859	0
68452	0
11386	0
40609	0
45539	0
50344	0
52733	0
39984	1
82295	0
71827	0
4080	0
19798	0
84137	0
101471	0
21341	0
67231	0
73228	0
75313	0
74074	0
35520	0
23247	1
97118	0
45594	0
86153	0
78655	0
28554	0
89054	0
36873	0
44925	0
69700	0
79923	0
65331	0
82920	0
53213	0
38781	0
100563	0
50320	0
5650	0
83055	0
101770	0
28688	0
83647	0
53960	0
15703	0
81159	0
70476	1
25242	0
54614	0
17919	0
8689	0
20697	1
83230	0
29234	0
68210	0
44265	0
60006	0
1275	0
27646	0
10355	0
82488	0
70696	1
57536	0
26127	0
21626	0
98339	0
50671	0
101266	0
26049	0
68268	0
47326	0
63652	0
99267	0
59238	0
32760	0
93769	0
84603	0
33376	0
17241	0
16759	0
45390	0
22580	0
20079	0
55749	0
20249	0
65474	0
78598	0
7073	0
94353	0
39882	0
6640	0
84453	0
72859	0
5399	0
84036	0
58773	0
62452	0
76699	0
58824	0
76359	0
32252	0
6706	0
1436	0
49456	0
63563	0
54318	0
43194	0
60697	0
39383	0
94037	0
32295	0
1185	0
21306	0
78210	0
87928	0
54448	0
23205	0
88820	0
79419	0
7952	0
102021	0
66985	0
24546	0
56352	0
55615	0
9615	0
58332	0
93201	0
52677	0
43630	0
56701	0
71193	0
14116	0
8471	0
28220	0
83251	0
52514	0
43811	0
30405	0
64723	0
28171	0
9693	0
24434	0
65384	0
39250	0
4370	0
57988	0
95994	0
16067	0
13242	0
72862	0
80636	1
39297	0
67406	0
94278	0
50715	0
53117	0
40282	0
31862	0
39797	0
78760	0
48358	0
70504	0
6857	0
61807	0
45455	0
85235	0
25508	0
76870	0
53720	0
42678	0
8908	0
19934	0
43300	0
76143	0
9617	0
45668	0
6075	0
61763	0
79975	0
44586	0
88534	1
22722	1
76413	0
55201	0
60114	0
40274	0
50902	1
70849	0
96930	0
95615	0
23457	0
11006	0
54423	1
19248	0
67427	0
42476	0
53972	0
72424	0
8467	0
31759	0
30234	0
101069	0
79549	0
19569	0
23724	0
84943	0
100142	0
97383	0
69369	0
39476	0
22457	1
99041	0
88611	0
46366	0
83353	0
98933	0
82973	0
3425	0
1375	0
13267	0
24951	0
5912	0
25332	0
56219	0
26329	0
37625	0
48327	0
76231	0
53498	0
50138	0
54380	0
65658	0
68633	0
1391	0
4996	0
9469	0
50645	0
51878	0
84493	0
34024	0
63461	0
15839	0
79129	0
38152	0
82479	1
34452	0
43835	0
38182	0
57096	0
40129	0
90389	0
72068	0
73917	0
89490	0
69252	0
12229	0
3027	0
18083	0
78796	0
33859	0
2434	0
28353	0
13604	1
73578	1
93020	0
40489	0
89710	0
42737	0
42917	0
54518	0
2591	0
60937	0
24339	0
35215	0
38526	0
88951	0
50679	0
304	0
72341	0
18816	0
77933	0
97539	0
4239	0
77907	0
12237	0
36564	0
91574	0
20060	0
20690	1
45239	0
79056	0
46555	0
95856	0
81318	0
67244	0
40679	0
38602	0
24864	1
32535	0
64935	0
98796	0
3492	0
23019	0
24908	0
92340	0
20240	0
43203	1
28387	0
100958	0
9275	0
88430	0
73343	0
75240	0
71471	0
10385	0
84949	0
37182	0
72304	0
32835	0
68028	0
91504	1
41904	0
92046	0
55947	0
12163	0
91108	0
32670	0
79368	0
60954	0
17778	0
74973	0
57123	0
66822	0
57127	0
56535	0
97301	0
63397	0
49862	0
63424	0
15996	0
15295	1
1993	0
13256	0
48770	0
27013	0
23357	0
93074	0
567	0
72220	0
76486	0
79048	1
92813	0
15259	0
31287	0
82975	0
21894	0
17780	0
32710	0
15332	1
43303	0
2919	0
25499	0
34125	0
85169	1
27554	0
58947	0
56493	0
37025	0
67696	0
65314	0
57360	0
8173	0
7113	0
35760	0
101784	0
7657	0
87236	1
76846	0
40416	1
21258	0
36181	0
37092	0
66391	0
75822	0
29938	0
34681	0
56466	0
82043	0
4447	0
48826	0
102201	0
3244	0
75110	0
84481	0
16589	0
26259	0
42176	0
66108	0
85874	0
33432	0
47500	0
35822	0
61002	0
20297	0
111	0
78897	0
83257	0
92862	0
73204	0
6114	0
71560	0
10622	0
43036	0
48622	0
45329	0
38860	0
43685	0
62249	0
3342	0
65523	0
75479	0
36726	0
93985	0
50759	0
89015	0
1129	0
29717	0
74582	1
81176	0
64425	0
59792	0
12308	0
91887	0
8407	0
45833	0
76106	0
4813	1
18557	1
88929	0
38100	0
9411	0
75675	0
71051	0
99881	0
3164	0
36376	0
55276	0
24884	0
6283	0
49934	0
79724	0
7291	0
38820	0
66713	1
34334	0
48485	0
77845	0
21759	0
26689	0
28557	0
24799	0
57220	0
31845	0
51025	0
55573	0
79518	1
9588	0
90028	0
87866	0
22719	0
44274	0
87905	0
1743	0
65444	0
69116	0
91312	1
90002	1
61984	0
18119	0
98502	0
43625	0
8552	0
31378	0
38671	0
31606	0
50451	1
100249	0
77900	0
94606	0
18398	0
55675	0
31652	0
38910	0
90833	0
40127	0
11943	0
28663	0
13672	0
94648	0
78896	0
17083	0
2826	0
1647	0
58271	0
27230	0
48952	0
5466	0
69286	0
99696	0
62361	0
73823	0
33348	0
50668	0
101857	0
92709	0
56705	0
80704	0
1285	0
71832	0
32757	0
75146	0
91424	0
65911	0
28445	0
52095	0
70314	0
62049	0
70248	0
38749	0
63211	0
22083	0
17414	0
40605	0
95045	0
7145	0
37475	0
58681	0
24127	0
60551	0
76736	0
29756	0
61857	0
21097	0
11561	0
57914	0
52559	0
27831	0
31750	0
59550	0
60546	0
14831	0
24680	0
40134	0
25524	0
12616	0
50074	0
22025	0
83033	0
16834	0
31250	0
21148	0
44558	0
41344	0
9906	0
12822	0
62847	0
99651	0
80935	0
96652	1
28431	0
17986	0
98859	0
25865	0
53439	0
10448	0
69265	0
39360	1
55503	0
21222	0
63340	0
76336	1
9123	0
88381	0
35850	0
47398	0
22464	0
54835	0
101970	0
13563	0
87867	0
78000	0
5320	0
45914	0
64605	0
36255	0
79131	0
70066	1
21087	0
41448	0
93014	0
57599	0
34069	0
7072	0
74460	0
2169	0
32900	0
44513	0
85691	0
35161	0
91134	0
78715	0
39441	0
94870	0
100527	0
98577	0
32040	0
91107	0
38061	0
24836	0
36554	0
36429	1
75253	0
84138	0
94749	0
17394	0
21418	0
67267	0
90922	0
98486	0
74190	0
100033	0
75874	0
557	0
69906	0
60718	0
5935	1
56818	0
94798	0
94103	0
674	0
61076	0
48276	0
33963	0
82107	0
73857	0
42092	0
81728	0
40300	0
13155	0
93890	0
15361	0
12740	0
34718	0
1005	0
34455	0
1793	0
19759	0
1163	0
4207	0
21909	0
26337	0
48330	0
83383	0
31728	0
102476	0
18220	0
46443	0
41903	1
59920	0
39896	0
38326	0
93682	0
31482	0
97052	0
77999	0
25707	0
9500	0
72767	0
101428	0
25751	0
20301	1
14489	0
54703	0
83964	0
24949	0
85662	0
2325	0
81790	0
70946	0
54320	0
24021	0
76788	1
5207	0
42854	0
75578	0
76732	0
64060	0
75606	0
1472	0
31483	0
57843	0
73010	0
10307	0
62535	1
52179	1
39657	0
91069	0
82273	0
92636	0
82309	0
42582	0
51393	0
43609	0
75392	0
90084	0
56774	0
63322	0
93117	0
80231	0
56122	0
66204	0
47189	0
23842	0
86125	0
63005	0
82062	0
78338	0
88754	0
7808	0
28414	1
24819	1
58151	0
92893	0
95611	0
100135	0
51880	0
52509	0
49550	0
36632	0
6898	0
37208	0
18967	1
34101	0
42023	0
84188	0
41148	0
12377	0
60477	0
60178	0
85118	0
6203	0
101134	0
8213	1
92843	0
50691	0
62932	0
52494	0
98116	0
6116	0
39233	0
30342	0
15379	0
85781	0
71470	0
7693	0
29684	0
28351	0
87224	0
76272	0
34635	0
81446	0
54458	0
24781	1
64701	0
97074	1
102418	0
20021	0
15240	0
47615	0
19164	0
15956	1
34662	0
23637	0
67515	0
48035	0
2803	0
72914	1
79337	0
22519	0
1110	0
29954	0
93423	0
68077	0
535	0
41341	0
96695	0
40748	0
32797	0
21228	0
10517	0
100772	0
71833	0
98030	0
88829	0
65778	0
99064	0
44365	0
63884	0
77223	0
1961	0
99003	0
41152	0
1935	0
47031	0
46163	0
84350	0
5258	0
28642	0
95846	0
17549	0
73959	0
9557	0
1618	0
12496	0
7883	0
12312	0
56781	0
88034	0
77176	0
58608	0
75262	0
49099	0
99836	0
7282	0
10954	0
5516	0
81894	0
9336	0
80437	0
75846	0
31293	0
56372	0
1697	0
18989	0
1996	0
62036	0
12689	1
68043	0
75096	0
88959	1
46218	0
76943	0
19503	0
15601	0
69595	0
67237	0
53073	0
41702	0
15199	0
19661	1
34259	1
39335	0
34171	0
82227	0
87838	0
82059	0
67737	1
1871	0
97968	0
69648	0
70728	0
38128	0
90318	0
98292	0
58251	0
12935	0
23962	0
26981	1
100469	0
20516	0
46138	0
97155	0
88301	0
91526	0
93840	0
89329	0
57379	0
87383	0
8710	1
42826	1
76153	0
76437	0
85881	0
21644	0
85491	0
55945	0
54640	0
75532	1
77218	0
62382	1
55052	0
83894	1
62474	0
12843	0
67329	0
44596	0
36856	0
4021	0
86033	0
83664	0
1597	0
31084	0
73545	0
96498	0
26737	0
14345	0
79631	0
30912	0
70611	0
62710	0
101439	0
42326	0
17251	0
90664	0
23525	0
49275	0
101859	0
71121	0
2455	1
93137	0
41107	0
4947	0
18862	0
78202	1
95187	0
19220	0
69123	0
63330	0
79395	0
63210	0
47460	1
21104	0
26870	0
89036	0
14690	0
60756	0
12768	0
26584	0
13855	0
47214	0
35149	0
32728	0
54345	0
27825	0
84592	0
23988	0
35988	0
80328	0
51989	0
8269	1
72489	0
82990	0
24941	0
83070	0
93588	0
35618	0
75320	0
61989	0
77046	0
26307	0
12143	0
80249	0
37658	0
14346	0
61222	0
15268	0
47353	0
44681	0
43868	0
13495	0
61724	0
98691	0
84517	0
58712	0
68915	0
69862	0
46264	0
100468	0
31575	0
71059	0
55997	0
8183	0
83672	0
24486	0
10489	0
17099	0
8979	0
10197	0
66478	0
39050	0
80629	0
23814	0
51669	0
46857	0
85792	0
44917	0
96605	0
15179	1
79369	0
20194	0
90979	0
45036	0
23408	0
98489	0
29143	0
5833	0
92597	0
90554	0
35654	0
39669	0
15140	0
7534	0
58613	0
27017	0
73456	0
37470	0
49656	0
96230	0
80644	0
71155	0
100556	0
76702	0
63593	0
10997	0
100025	0
60386	0
3312	0
71737	0
33776	0
92138	0
66128	0
82609	0
22879	0
74049	0
65340	0
53042	0
63544	0
73034	0
30460	0
34834	0
52484	0
57933	0
63350	0
75967	0
48228	0
14140	0
102390	0
86335	0
64936	1
51748	0
95783	0
38255	0
23965	0
18103	0
47027	0
81870	0
54692	0
57428	0
7468	0
95990	0
431	0
36831	0
46649	0
3493	0
53067	0
61048	1
58495	0
38058	0
26700	0
65825	0
28549	0
1980	0
62404	0
20181	0
71496	0
45362	1
64596	1
26447	0
9209	0
5045	0
102370	0
74708	0
39539	0
65391	0
1293	0
22994	0
75858	0
75603	0
45358	0
44569	0
24580	0
80062	0
99002	0
63367	1
51435	0
31850	0
42177	0
26902	0
37395	0
53611	0
34400	0
9669	0
87134	0
67776	0
88200	0
9042	0
42146	0
58447	0
39323	0
16724	0
2329	0
59184	0
85030	0
68723	0
91627	0
43928	1
52794	0
56104	1
12899	1
38523	0
28732	0
59163	0
55093	0
54871	0
62384	0
59764	0
11439	0
52979	0
40091	0
27824	0
37466	0
46153	0
79587	0
39978	0
53237	0
23924	0
12694	0
41654	0
59028	0
7099	0
99112	0
23818	0
76112	0
92544	0
11767	0
60837	0
26179	0
23233	0
101920	0
57274	0
100124	0
5016	0
83362	0
83511	0
51148	0
50822	0
23265	0
75213	0
60287	0
6823	0
19500	0
1430	0
24396	0
54966	0
92903	0
101569	0
32594	0
71657	0
80966	0
30721	0
71216	0
82740	0
54585	0
35821	1
99409	1
41749	0
42765	0
62281	0
4264	0
76521	0
77184	0
29508	0
43328	0
76908	0
97042	0
21732	0
16221	0
336	0
99654	0
35584	0
3711	0
61208	0
95538	0
29895	0
73692	0
76412	0
97596	0
77098	0
82672	0
82231	0
25806	0
33899	0
61199	0
95441	0
90362	0
29099	0
58952	0
59437	0
17816	0
5404	0
98144	0
2024	0
76698	0
39384	0
77816	0
53399	0
43592	0
68580	0
8818	0
41492	0
35965	0
69982	0
27972	0
70351	0
94801	0
49469	0
39890	0
79702	0
15836	0
38999	0
47150	0
93284	0
26742	0
25372	0
3044	0
8642	0
63852	0
75530	0
10313	0
71237	0
85866	0
64090	0
23537	0
50662	0
67889	0
72665	0
89462	0
75031	0
10546	0
66969	0
58787	0
94142	0
26373	0
22791	0
92191	0
18121	1
79773	0
72693	0
13646	0
56112	0
85282	0
32454	0
22532	0
22440	0
25256	0
32298	1
56755	1
27959	0
24131	0
41823	0
101705	0
76284	0
2658	0
66243	0
76904	0
87668	0
99232	0
80284	1
99079	0
60526	0
73626	0
52006	1
22196	0
69465	0
85204	0
36958	0
80414	0
98428	0
40963	0
20929	0
63759	0
30484	0
79061	0
59445	1
2060	0
42010	1
2405	0
43042	0
26805	0
21790	0
6403	0
62656	1
81029	0
86175	0
22382	0
74306	0
5134	0
86671	0
40548	0
1076	0
83175	1
19163	0
77255	0
17063	0
51371	1
60537	0
13010	0
91717	1
34209	0
40370	0
34473	0
24323	0
63682	0
66760	0
3732	0
81639	0
5960	0
27621	0
35254	0
101461	0
78179	0
66942	0
66984	0
97126	0
55567	0
12307	0
15949	0
52476	0
59480	0
4229	0
48778	0
44574	0
45970	1
685	0
95522	0
70202	0
99679	0
73646	0
88983	0
17624	0
35324	0
25766	0
3972	0
6119	0
50382	0
30962	0
37883	1
30152	0
23683	0
42512	0
67087	1
36389	0
84007	0
71646	0
101035	0
41384	0
22803	0
88472	0
98911	0
82663	0
69866	0
81459	0
6289	0
71658	0
16863	0
86554	0
251	0
90797	0
86945	0
18591	0
63224	0
87233	0
8700	1
50493	0
52958	0
87622	0
71183	0
75614	0
59261	0
10267	0
65477	1
40623	0
76032	0
16880	0
80728	0
99422	1
5176	0
91946	0
88721	0
11426	0
99109	1
35311	0
88037	0
51647	0
10862	0
7939	1
98729	0
74916	0
43220	0
25288	0
44652	1
53827	0
6669	0
32257	1
45982	0
18376	0
88265	1
35082	0
43534	0
47980	0
31468	0
55179	0
98114	0
65849	0
87783	1
17185	0
16592	0
15289	0
59910	0
88714	0
99013	0
75135	0
39889	0
36408	0
6089	0
49265	0
88023	0
54926	0
40669	0
35259	0
9376	0
57173	0
85579	1
19520	0
72701	0
42004	1
20712	0
98160	0
74726	0
87517	0
43761	0
26563	0
20733	1
34396	0
95572	0
57019	0
12968	0
15007	0
101270	0
52621	0
26894	0
83454	0
70836	1
31480	0
93051	1
74387	0
70702	0
47040	0
26866	0
47567	0
86482	0
45856	1
38008	0
74677	0
6514	0
86324	0
82622	0
101972	0
73364	0
71976	0
98991	0
71039	0
17467	0
24678	0
101749	0
38926	0
11688	0
64406	0
42881	0
28469	0
97995	0
10554	0
101780	0
37858	0
12290	0
36491	0
21379	0
477	0
16559	0
30628	0
34652	0
58772	0
9792	0
33326	0
44200	0
55552	0
7575	0
83477	0
41350	0
89515	0
96084	0
36899	0
56804	1
54896	0
36987	0
15340	0
38330	0
9091	0
92728	0
7156	0
41851	1
49228	0
37874	1
50531	0
100610	0
40116	0
89017	0
89373	0
20634	0
90871	0
3604	0
86157	1
20458	0
36410	0
88053	0
18835	0
32673	0
95339	0
85426	0
59781	0
43779	0
15394	0
62749	1
48188	0
70699	0
538	0
57703	0
7568	0
29207	0
65529	1
89944	0
21153	0
77644	0
99710	0
26578	0
39026	0
90831	0
35819	0
30725	0
17270	0
27359	0
3034	0
91688	0
91081	0
3347	0
72269	0
44349	0
79425	0
61004	0
37099	0
91343	0
73478	0
91515	0
58756	0
23839	1
1251	0
83000	0
78677	0
22	0
71548	0
102194	0
75390	0
26819	0
168	0
91959	0
73395	0
20554	0
99550	0
45683	0
92419	0
98446	0
97483	0
95603	0
20309	0
45376	0
89200	0
65837	0
63686	0
51052	0
36182	0
28570	0
356	0
59887	0
65070	0
27415	0
15205	1
56498	0
23594	0
10008	0
71465	0
65749	1
62001	0
69620	0
34857	0
100533	0
92758	0
21393	0
12115	0
16234	0
5596	0
9517	0
22755	0
47470	0
70271	0
97979	0
9624	0
91204	0
12969	0
63872	0
72007	0
87557	0
64368	0
41967	0
33375	0
16348	1
95621	0
89558	0
38657	0
70297	1
81715	0
86941	0
1934	0
23783	0
7400	0
52118	0
11631	0
85078	0
25243	0
31545	0
54760	0
90055	0
38695	0
70624	0
32762	0
90715	0
26687	0
69285	0
68539	0
86631	0
6673	0
2984	0
36572	0
86907	0
42631	0
17744	0
77030	1
41249	0
37586	0
18514	0
72726	0
92101	0
11782	0
76042	0
933	0
22588	0
78673	0
95397	0
95768	0
62612	0
92649	0
96338	0
61639	0
29316	0
71309	0
86370	0
34415	1
53043	0
51222	0
23571	0
66109	0
57385	0
42709	0
99810	0
60753	0
72367	0
20148	0
30685	0
64754	0
96168	0
51615	0
44291	0
48855	0
81696	0
2127	0
23373	0
64262	0
101169	1
19760	0
19429	0
5148	0
18914	0
62886	0
48582	0
37217	0
71323	0
89891	0
97970	0
25175	0
5860	0
73740	0
11227	0
35810	1
31670	0
79267	0
7666	1
43257	1
65562	0
22252	0
3822	0
1490	0
2254	0
16256	0
12287	0
92226	0
97701	0
20216	0
20719	0
74370	0
67620	0
95888	0
27489	0
42733	0
67588	0
6552	0
80347	0
42035	0
32162	0
71946	0
46766	0
45992	0
99019	1
68653	0
23573	0
80401	0
31667	0
56237	0
20130	0
14411	0
50712	0
68342	0
21029	0
58645	0
47788	0
85969	0
35279	0
46671	1
59400	0
39312	0
90274	0
46733	0
69599	0
85287	0
48561	0
40423	0
100718	0
40535	0
95962	0
86427	0
40888	0
87693	0
90348	0
62680	0
8988	0
57157	0
84440	0
22783	0
75133	0
51303	0
27619	0
36086	0
49521	0
14721	0
94807	0
58500	0
66607	0
76118	1
23785	0
27574	0
74743	0
99447	0
75573	0
84824	0
47034	0
92418	0
82411	0
41983	0
8729	0
44002	0
45730	0
30306	0
64834	0
5697	0
22822	0
98335	0
13794	0
79338	0
100337	0
76374	0
2991	0
84295	0
79383	1
12177	0
528	0
94867	0
73373	0
80488	0
80492	0
29219	0
69298	0
88446	0
101142	0
31298	1
86880	0
44242	0
23464	0
19287	0
16951	0
38561	1
36048	0
55026	0
35974	0
25809	0
63351	0
72055	0
55236	0
42372	0
22655	0
5978	1
97066	0
102421	1
83600	0
25027	0
89997	0
40173	0
21405	0
17484	0
71009	0
7823	0
17014	0
26129	0
948	0
92754	0
99860	0
98546	0
20651	0
76382	0
58704	0
100880	0
22745	0
92630	0
2265	0
25801	0
72273	0
32532	0
65418	0
22211	0
4870	0
3311	0
93613	0
15027	0
88531	0
94605	0
60860	0
6337	0
23883	0
66631	0
73491	0
30885	0
87355	0
39151	0
90176	0
13905	0
93781	0
13116	0
62882	0
31823	0
6978	0
88880	0
24704	0
71599	0
42217	1
76487	0
50689	0
62158	0
13354	0
50895	0
64744	0
94416	0
41081	1
14947	0
82135	0
4238	0
99101	0
90146	0
79931	0
85245	0
34512	0
28649	0
14539	0
68275	0
37605	0
38399	0
81327	0
83048	0
100611	0
16204	0
98573	0
66365	0
29990	0
95647	0
39413	0
65358	0
99401	0
54274	0
59337	0
92937	0
52982	0
97279	0
88039	0
55322	0
82948	0
51113	1
80889	1
55931	0
20214	0
96474	0
54897	0
10596	1
46650	0
38868	0
45198	0
16023	0
718	0
6578	0
41960	0
23375	1
92179	0
4624	0
90294	0
65155	0
81253	0
41997	0
30767	0
16011	0
25756	0
16033	1
74745	0
25484	0
62424	0
32630	0
68854	0
42196	0
35775	0
39064	1
38314	0
13414	1
96554	0
30809	0
25394	0
101724	0
52496	1
62186	0
46550	0
30053	0
15946	0
48971	0
16019	0
6881	0
97989	0
101566	0
90988	0
94990	0
71284	0
4588	0
42266	0
35486	1
22278	0
46672	0
12489	0
83936	0
83108	0
21932	0
100818	0
57039	1
20444	0
45079	0
92457	0
23004	0
90158	0
67871	0
78464	0
24424	0
20359	0
38084	0
14262	0
24245	0
3340	0
35118	0
42050	0
45071	0
59167	0
99222	0
8331	0
12970	0
23957	1
14608	0
27720	0
58328	0
25664	1
25747	0
5645	0
101882	0
89512	0
80967	0
83035	0
73486	0
33284	0
18194	0
45138	0
72188	0
12655	0
30620	0
65793	0
80361	0
62019	0
76648	0
9909	0
17013	0
54359	0
27181	0
74473	0
66345	0
30060	0
90997	0
75767	0
64650	0
98013	0
53921	0
12250	0
77401	0
52489	0
62273	0
69274	0
31582	0
35419	0
94638	0
9685	0
7222	0
29848	0
86922	0
47856	0
70663	0
70108	0
49412	0
4861	0
22805	0
2503	0
4426	0
32497	0
36766	0
32708	0
100585	0
15230	0
33497	0
9467	0
66124	0
18747	0
20693	0
97412	0
4618	0
83751	0
37614	0
41807	0
53561	0
30418	0
42137	0
39032	0
81735	0
32941	1
62829	0
87868	1
48338	0
83506	1
58802	1
9165	1
44895	1
91011	0
58410	0
75582	1
53630	0
10860	0
11420	0
47554	0
77026	0
83563	0
27966	0
14584	0
93599	0
73223	0
59608	0
64670	0
61353	0
86114	0
11289	0
95854	0
21185	1
22296	0
94166	0
4100	0
37412	0
71226	0
17556	0
67090	0
4318	0
19467	0
96767	0
11090	0
61953	0
60940	0
67979	1
2389	1
26267	0
10335	0
95774	0
42022	0
64879	0
74548	0
97697	0
58172	0
52613	0
1903	0
50296	0
64337	1
70203	0
21658	1
63776	0
60833	0
67293	0
10972	0
100436	1
39279	0
11948	0
48011	0
37074	0
46582	1
69232	0
28796	0
86532	0
5306	1
12539	0
55523	0
26724	0
96493	0
3213	0
53757	0
53310	1
38130	1
69161	0
59694	0
28025	1
18769	0
40993	0
9288	0
64156	0
85993	0
88848	0
22402	0
68390	0
91233	0
42029	0
93801	0
37893	0
85774	0
33885	0
88061	0
51155	0
533	0
60014	0
72536	0
76565	0
101559	0
862	0
88554	1
91112	0
45131	0
8351	0
90620	0
98988	1
72334	0
63495	0
37482	0
65498	1
18872	0
14206	0
59453	0
105	0
101247	0
36237	0
93594	0
19921	0
55744	0
59055	1
51390	0
18546	0
35676	0
6771	0
54900	0
60554	0
54621	0
40477	0
61133	0
52215	0
3298	0
17379	0
23436	0
30249	0
4127	1
60947	0
28507	0
70542	0
74481	0
8592	0
7786	0
8257	0
95817	0
59410	0
61636	0
101849	0
97731	0
33578	0
93644	0
91744	0
89648	0
82111	0
94123	0
27331	0
95468	0
33289	0
74633	0
15494	0
72089	0
54956	0
16708	0
62288	0
6778	0
28944	0
31619	0
4414	0
2311	0
12226	0
9905	0
55868	0
52443	0
44027	0
33441	0
21255	0
25581	0
48254	0
52063	0
99669	0
46563	0
40450	0
26297	0
49895	0
6566	0
97795	0
31418	0
56074	0
34185	0
73549	0
97381	0
18712	1
91062	0
58557	0
37326	0
80382	0
21180	0
78712	0
24355	0
89690	0
96643	0
3556	1
9636	0
59114	0
14987	0
77835	0
11519	0
1858	0
70079	0
102093	0
97487	0
81657	0
78523	0
23198	0
47736	0
74992	0
95146	1
74321	1
13511	0
12876	1
8030	0
53288	0
74446	0
9566	0
75579	0
71441	0
27355	0
5755	0
63365	0
54795	0
54193	0
59928	0
8834	0
55914	1
69067	0
56522	0
96437	1
8755	0
40734	0
11406	0
34931	0
88544	0
79603	0
55309	1
67564	0
44183	0
1312	0
10717	0
33338	0
16229	0
72002	0
47453	0
9665	0
72360	0
13580	0
41856	0
79280	0
51950	0
99766	0
81440	0
12315	0
52321	0
65645	0
14076	0
20445	0
43081	0
64773	1
4053	0
71677	1
77253	0
47688	0
29886	1
67931	0
90960	0
27524	0
86057	1
58085	0
96362	1
51072	0
32370	0
74198	0
79024	0
7316	0
38620	0
1494	1
80657	0
98031	0
46998	0
86899	0
62689	0
87065	0
9147	0
45004	1
99704	0
41340	0
88720	1
92387	0
87599	0
3185	0
6343	1
57184	0
85828	0
64113	0
11313	0
27127	0
50246	1
8009	0
8085	0
71670	0
38075	1
15630	0
32344	0
32526	0
38160	0
85959	0
55136	0
83873	0
30153	0
82895	0
54135	0
28881	0
102116	0
47294	0
37416	0
33655	1
67827	0
51058	0
99465	1
83315	0
10016	0
22172	0
35967	0
53995	0
810	0
80431	0
42465	0
56926	0
18887	0
40906	0
5595	0
11880	0
4838	0
50670	0
79506	0
82102	0
59605	0
82770	0
75171	1
42912	0
93248	0
34829	0
82680	0
43517	0
94532	0
40343	0
92719	0
18200	0
34098	0
70114	0
28499	0
81067	0
50573	1
56366	0
6408	0
89274	0
31269	0
26637	0
38895	0
47948	0
40136	0
39299	0
40582	0
24606	0
55948	0
576	0
57747	0
29474	0
52851	1
76951	0
99136	0
66991	0
30402	0
94336	0
12011	0
53534	0
79783	0
60727	0
20247	0
63362	1
76198	0
102440	0
52986	0
25152	0
17878	0
98954	0
70820	0
97085	0
89011	0
77175	0
46959	0
25440	0
7668	0
53273	1
53812	0
28635	0
89701	0
95959	0
1156	0
71048	0
63240	0
53872	0
7643	0
2574	0
100439	0
9649	0
5238	0
74244	1
52167	0
23625	0
62218	0
4233	0
58669	0
52468	0
59635	0
91614	0
77734	0
8472	1
56398	0
56625	0
75394	1
48350	0
71442	0
16059	0
93962	1
40202	0
64355	0
71030	0
22088	0
15521	0
66424	0
80467	1
25763	1
8823	0
102313	0
80117	0
44227	0
43488	0
57726	0
38010	0
49174	0
56108	1
90604	1
66411	0
6604	0
2873	0
72293	0
96260	0
73528	0
28799	1
45423	0
84259	0
50056	0
34127	1
81756	0
19527	0
4900	0
47493	0
3603	1
42915	0
59768	0
75780	0
5071	0
96192	1
84912	0
96056	0
51509	0
64675	0
37328	0
101467	0
51909	0
101541	0
5015	0
72463	0
70497	0
33155	0
39095	0
17483	0
18271	0
41359	1
33129	0
91149	0
96829	0
74746	0
86764	0
38434	0
26265	0
101406	0
99949	0
27406	0
80224	0
97403	0
43764	0
56799	0
34891	0
3774	1
47327	0
37824	0
68003	0
50024	0
50436	0
33841	0
46246	0
67882	0
34605	0
52275	0
19872	0
57004	0
12918	0
83334	0
17538	0
55145	0
61798	0
85711	0
24558	0
35804	0
100481	0
45561	0
50717	0
37218	0
9010	0
48178	0
100129	0
91316	1
20121	0
91610	0
23111	0
61731	0
30265	0
40267	0
62317	1
22407	0
65796	0
34777	0
8017	0
42985	0
28459	0
62912	0
74544	0
87569	0
77620	0
95577	0
69376	0
45555	0
12201	0
17088	0
95272	0
17601	0
48346	0
4192	0
30026	0
84057	0
87677	0
47388	0
102380	0
9519	0
40685	0
44573	0
92994	0
55154	0
76631	0
43155	1
33550	0
65733	0
96435	0
40215	0
56899	0
10537	1
33343	0
12950	0
53342	0
90443	0
77882	0
60611	0
9847	0
46390	0
84081	0
90544	0
85722	1
68505	0
33995	0
19855	0
10237	0
94430	0
56513	0
23600	0
11671	1
24793	0
15487	0
7045	0
47754	0
100498	0
100633	0
60658	0
25062	0
12310	0
62590	0
40910	0
85672	1
19043	0
51805	0
33101	0
48017	0
59143	0
55257	0
8353	0
91669	0
15318	0
74313	0
21009	0
27957	0
91907	0
6811	0
23992	0
94856	0
92223	0
45994	0
63444	0
71307	1
36236	0
41198	0
47081	0
48818	0
1974	1
48243	1
22696	1
92691	0
8080	0
81373	0
25157	0
24604	0
79708	0
15627	0
20767	0
30632	0
8107	0
24246	1
73191	0
18437	0
24224	0
35949	0
82860	0
102246	0
38567	0
93602	0
64247	0
93332	0
43061	0
98831	0
91969	0
75129	0
16201	0
38407	0
96922	0
56040	0
28122	0
51931	0
59934	0
64984	0
70675	0
49231	0
44709	0
21049	0
99261	0
47589	0
30475	0
49555	0
37116	0
90248	1
20156	1
18880	0
83676	0
88391	0
40077	0
86288	0
40015	0
73419	0
55866	0
27207	0
40243	0
91462	0
2958	0
18284	0
17587	0
59377	1
48828	0
7537	0
15818	0
56341	0
38829	0
447	0
13770	0
66902	0
24566	1
90486	0
91100	0
71790	0
77784	0
80076	0
89313	0
29082	0
74841	0
90540	0
36109	0
87195	0
63403	0
16778	0
60874	0
53652	0
101799	1
4096	1
15894	0
66780	0
28820	0
58736	0
35620	0
76980	0
76386	0
29335	0
96415	0
38672	0
16042	0
72194	0
96377	0
22284	1
98142	0
101419	0
22176	0
13382	0
68511	0
25292	0
83163	0
14931	0
21431	0
81146	1
56234	0
56802	0
67797	0
84445	0
67644	0
55890	0
6312	0
98324	0
86037	0
77414	0
82817	0
51726	0
20016	0
63045	0
32165	0
23221	0
49938	0
5692	0
40002	0
68961	0
85746	0
85861	0
6510	0
14237	0
95559	0
74987	0
91834	0
99056	0
75343	0
75959	0
23501	0
32342	0
67740	0
9512	1
8551	1
16381	0
93692	0
96300	0
86543	0
6936	0
49517	0
4613	0
39783	0
77082	0
90098	0
55433	0
80596	0
96323	0
34954	0
5200	0
13309	0
37821	0
69051	0
78154	0
71007	0
8181	0
40905	0
101837	0
27746	0
89916	1
8297	0
23330	0
19791	0
90885	0
14622	0
69662	0
51194	0
23416	0
99871	0
2401	0
40470	0
99915	0
28630	0
91301	0
56542	0
15622	0
38554	0
43670	0
35392	0
51737	0
63114	0
41940	0
61229	0
67524	0
65556	0
40506	0
46613	0
14598	0
36272	0
95318	0
1140	0
97722	0
92818	0
19145	0
81261	0
96703	0
53456	0
97984	0
67117	0
101420	0
88577	0
51048	0
30455	0
25971	0
51836	0
53392	1
19431	0
57971	0
7634	0
25976	0
68794	0
59935	0
28234	1
63766	0
33298	0
15067	0
83458	0
74398	0
55942	0
27954	0
64815	1
6745	0
27369	0
78672	0
76813	0
57093	0
78462	0
60432	0
72461	0
2791	0
100673	0
37959	0
9159	0
79690	0
6491	0
5948	1
23124	0
98169	0
7637	0
84002	0
45821	0
21090	0
13310	0
11013	0
53799	0
97435	0
585	0
85650	0
25779	0
71575	1
72638	0
94010	0
46063	0
71636	0
1144	0
39053	0
6775	0
55315	0
37611	0
94803	0
23126	0
1798	0
8318	0
48511	1
3941	0
4765	1
92493	0
11731	0
47323	0
75971	0
33501	0
45088	0
80672	1
8537	0
74976	0
54599	0
87773	0
81301	0
31090	0
69741	0
99868	0
11551	0
80782	0
67638	0
9262	0
40432	0
78654	0
89790	0
13849	0
29639	0
98436	0
47342	0
87845	0
49542	0
8068	0
97824	0
85189	0
40058	0
21303	0
40755	0
63040	0
1968	0
58806	0
74435	0
68023	0
47938	0
6447	0
45281	0
45486	0
6697	0
31394	0
99941	0
54131	0
77157	0
19790	0
32003	0
58665	0
70397	0
48514	0
30029	0
85533	0
23511	0
2547	0
41497	0
5532	0
42510	0
87813	0
86594	0
51928	0
39236	0
5823	0
19162	0
1778	1
41709	0
33495	0
87437	0
49741	0
67926	0
90473	0
13560	0
85727	1
59023	0
31151	0
868	1
88866	0
3816	0
46014	0
59032	0
72922	0
80040	0
39407	0
97851	0
17771	0
11838	0
95705	0
3461	1
31007	0
64317	0
35719	0
84383	0
16811	0
74342	0
53210	0
96660	1
25656	0
29185	0
6681	0
1747	0
62785	0
56917	0
95101	0
6538	0
1740	0
7570	0
95929	0
48709	0
60516	1
28805	1
41734	0
3412	0
16725	0
40097	0
90061	0
98603	0
91427	0
8784	0
63388	1
42452	0
13824	0
26231	0
73918	1
68310	0
34030	0
16885	1
62059	0
22400	0
90505	0
47729	0
19157	0
2972	0
81471	0
62647	0
27760	0
41810	0
34949	0
23777	0
88999	0
18919	0
101430	0
55854	0
79259	0
47069	0
43023	0
92811	0
75384	0
85463	0
82203	0
95668	0
65949	0
58137	0
46529	0
85135	0
78751	0
71939	0
84681	0
50152	0
86088	0
65726	0
20689	0
470	0
72600	0
61894	0
44109	0
1047	0
5319	0
59315	0
59847	0
63641	0
85726	0
46205	0
38539	0
75662	0
83758	0
40671	0
59380	0
86189	1
35742	0
70771	0
26393	0
46271	0
100453	0
94070	0
32317	0
61369	0
65278	0
150	0
15086	0
86533	0
58379	0
102054	0
68674	0
95759	0
98427	0
11624	0
3450	0
23121	0
99074	0
62402	0
28004	0
17080	0
18479	0
616	0
20828	0
21182	0
91154	0
23425	0
80327	0
7087	0
10256	0
33543	0
32154	0
82956	1
66381	0
81963	0
42978	0
95793	0
83595	0
41870	0
41103	0
59295	0
75442	0
7670	1
86333	0
97734	0
56192	0
47844	0
98303	0
38800	0
61686	0
30508	0
65688	0
95519	0
91513	1
17859	0
59285	0
4223	0
87373	0
93703	0
14988	0
27126	0
35780	0
52329	0
78819	0
76581	0
28100	0
42394	0
6966	0
73102	0
2328	0
35630	0
90551	0
9166	0
33681	1
97438	0
60681	0
6122	0
96846	0
1245	0
3703	0
42924	0
56406	0
27106	1
36367	0
44847	0
81760	0
7192	1
10759	0
67369	0
97246	0
102238	0
90746	0
37149	0
30825	0
87543	0
11001	1
92224	1
57403	0
3906	0
76405	0
70652	0
74284	0
66853	0
71493	0
31781	0
24635	0
12157	0
74951	0
4401	0
57352	0
12870	0
78060	0
17390	0
19976	0
39686	0
20770	0
89319	0
47959	1
81214	0
93182	0
42248	0
29270	0
53813	0
68320	0
98394	0
90193	0
15850	0
74162	0
8657	0
62446	0
15400	0
68063	0
85123	0
46777	0
53127	0
33514	0
21578	1
8147	0
96809	0
101323	1
69168	0
25447	0
12772	0
39661	0
46985	0
30932	0
9576	0
87372	0
1333	0
38417	0
87140	0
84950	0
37145	0
69287	0
3842	1
18215	0
16890	0
28342	0
81649	0
32393	0
65600	0
41622	0
26768	0
54495	0
100591	0
85984	0
76524	0
84216	1
34510	0
76512	0
85692	0
32129	0
59508	0
10760	1
85427	1
71061	0
5800	0
9090	0
92712	0
86799	1
1803	0
102325	0
73660	0
72801	0
43113	1
11072	1
8607	1
21636	1
91660	0
92593	0
58112	0
94821	0
43097	0
58905	0
49641	1
85051	0
13755	0
16459	0
72104	0
78622	0
4076	0
70113	0
40383	0
36008	1
45058	0
43173	0
83337	0
56607	0
59041	0
62440	0
87952	0
89920	0
51786	0
49739	0
41357	0
50385	0
13694	1
69723	0
34675	0
54349	0
69805	0
74497	0
2291	0
9850	0
70154	0
40654	0
36350	0
87683	0
63369	0
24747	0
20583	0
1190	0
80214	1
54908	0
14387	0
90603	0
21608	0
87009	0
101776	0
60739	0
28609	1
38272	1
66965	0
41627	0
98725	0
16126	0
69334	0
15223	0
475	0
95986	0
58050	1
28783	0
61201	0
16372	0
58003	0
78587	0
15613	0
84962	0
2155	0
88168	0
3256	0
20790	0
3677	0
95716	0
75102	0
89291	0
50349	0
63969	0
77516	1
48891	0
99841	0
5213	0
5044	0
13726	0
64924	0
31146	0
48153	0
94021	0
89242	0
12322	0
74757	0
71660	0
3162	0
2674	0
20290	0
605	0
20146	0
49352	0
84982	0
59896	0
100555	0
96697	0
5245	0
37735	0
15232	0
34550	0
69079	1
29199	0
14421	1
85247	0
70533	0
86402	0
49056	0
99481	0
81836	0
41454	0
89963	0
6595	0
81814	0
84066	1
57100	0
14229	0
1754	0
11600	0
79706	0
92739	0
33920	0
40411	0
85103	0
53290	0
86394	0
101722	0
12637	1
32061	0
21221	0
44876	1
27983	0
5685	0
1330	0
68862	0
2927	0
65258	0
20912	0
14525	0
91443	1
55112	0
75271	0
102425	0
89543	0
68913	0
80208	0
97062	0
68499	0
60791	0
75339	1
39310	0
62308	0
5138	1
7871	0
51884	0
101244	0
90331	1
15309	0
98910	0
65528	0
7165	0
5241	0
94997	0
9096	0
100324	0
19543	0
76982	0
45832	0
65479	0
85143	0
17395	0
65929	0
46323	0
62262	0
57958	0
58684	0
36922	0
65472	0
8757	0
51108	0
96074	0
44664	0
19384	0
14255	0
